OrderedDict([('fc1.weight', tensor([[0.0000, 0.0000, 0.0000,  ..., 0.0000, 0.0465, 0.0349],
        [0.0000, 0.0000, 0.0000,  ..., 0.0000, 0.0383, 0.0000],
        [0.0000, 0.0000, 0.0000,  ..., 0.0000, 0.0290, 0.0212],
        ...,
        [0.0000, 0.0000, 0.0000,  ..., 0.0000, 0.0000, 0.0000],
        [0.0000, 0.0000, 0.0000,  ..., 0.0000, 0.0126, 0.0000],
        [0.0000, 0.0000, 0.0314,  ..., 0.0337, 0.0000, 0.0000]],
       device='cuda:0')), ('fc1.bias', tensor([-0.0620, -0.0000, -0.0000,  0.0000,  0.0000,  0.0000,  0.0159, -0.0000,
        -0.0547, -0.0000, -0.0302, -0.0222,  0.0000, -0.0000, -0.0000, -0.0361,
        -0.0000, -0.0000, -0.0763,  0.0000, -0.0000,  0.0000, -0.0000, -0.0000,
        -0.0000, -0.0000,  0.0019, -0.0561,  0.0000,  0.0000, -0.0000, -0.0000,
         0.0000, -0.0000, -0.0102, -0.0025,  0.0000, -0.0000, -0.0000, -0.0000,
        -0.0000, -0.0000,  0.0000, -0.0000,  0.0000,  0.0000, -0.0676, -0.0000,
         0.0000, -0.0000,  0.0196, -0.0569, -0.0000, -0.0423, -0.0000, -0.0068,
         0.0000, -0.0000, -0.0232,  0.0016, -0.0215, -0.0000, -0.0000, -0.0000,
        -0.0000, -0.0000, -0.0000, -0.0322,  0.0000, -0.0000, -0.0000, -0.0043,
        -0.0000,  0.0000, -0.0000, -0.0650,  0.0000, -0.0000, -0.0000,  0.0344,
        -0.0000, -0.0210,  0.0000,  0.0000, -0.0156, -0.0000, -0.0584, -0.0000,
         0.0000,  0.0000, -0.0156, -0.0000, -0.0273, -0.0000, -0.0249, -0.0000,
        -0.0000, -0.0154, -0.0072, -0.0000,  0.0177, -0.0000, -0.0000, -0.0000,
        -0.0000,  0.0000, -0.0000, -0.0000, -0.0000, -0.0146, -0.0210, -0.0000,
        -0.0000, -0.0000,  0.0000, -0.0000,  0.0000, -0.0000,  0.0000, -0.0000,
        -0.0000, -0.0000, -0.0000,  0.0000, -0.0000,  0.0066, -0.0000,  0.0000,
        -0.0000,  0.0000, -0.0000, -0.0145,  0.0000, -0.0000, -0.0431, -0.0000,
        -0.0476, -0.0000, -0.0000, -0.0000, -0.0000, -0.0791, -0.0000, -0.0317,
        -0.0712, -0.0476, -0.0000, -0.0000,  0.0000,  0.0000, -0.0418, -0.0000,
         0.0010, -0.0000,  0.0000, -0.0000, -0.0523, -0.0415, -0.0000, -0.0000,
         0.0000, -0.0000, -0.0000, -0.0065,  0.0000, -0.0608, -0.0000, -0.0000,
        -0.0104, -0.0000, -0.0000, -0.0154, -0.0000, -0.0000, -0.0000, -0.0134,
        -0.0197, -0.0000, -0.0000, -0.0000, -0.0000,  0.0000, -0.0000, -0.0000,
         0.0000, -0.0000, -0.0000,  0.0000, -0.0000,  0.0000, -0.0000,  0.0022,
        -0.0000,  0.0120,  0.0000, -0.0000, -0.0000, -0.0551, -0.0240, -0.0000,
        -0.0000, -0.0000, -0.0000, -0.0341, -0.0000, -0.0000,  0.0258,  0.0000,
        -0.0000, -0.0000, -0.0000, -0.0000, -0.0475, -0.0000, -0.0000, -0.0251,
         0.0166, -0.0000, -0.0000, -0.0000, -0.0000, -0.0000, -0.0000, -0.0000,
        -0.0000, -0.0000, -0.0000, -0.0000, -0.0554, -0.0000, -0.0000, -0.0000,
        -0.0000, -0.0000,  0.0000, -0.0000,  0.0000, -0.0140, -0.0000, -0.0277,
        -0.0311, -0.0360, -0.0000, -0.0000, -0.0000, -0.0000, -0.0000, -0.0000,
        -0.0745, -0.0000,  0.0000, -0.0000,  0.0030,  0.0000, -0.0000, -0.0000,
         0.0056, -0.0425, -0.0000, -0.0000,  0.0000, -0.0218, -0.0000, -0.0384,
        -0.0000, -0.0209, -0.0461, -0.0000,  0.0000, -0.0486, -0.0000, -0.0000,
        -0.0327, -0.0000, -0.0000, -0.0000, -0.0000, -0.0156, -0.0638, -0.0000,
        -0.0000, -0.0000, -0.0015, -0.0000,  0.0040, -0.0000, -0.0000, -0.0000,
        -0.0000, -0.0000, -0.0000, -0.0335,  0.0000, -0.0096, -0.0000,  0.0000,
        -0.0177,  0.0000, -0.0344, -0.0000,  0.0000, -0.0388, -0.0702,  0.0000,
        -0.0000, -0.0000, -0.0000, -0.0000, -0.0000, -0.0000, -0.0000, -0.0000,
        -0.0000, -0.0000, -0.0253, -0.0202, -0.0209, -0.0529,  0.0149,  0.0000,
        -0.0000, -0.0000, -0.0358, -0.0623, -0.0016, -0.0000, -0.0000, -0.0000,
         0.0000, -0.0329, -0.0280, -0.0000, -0.0120,  0.0000, -0.0000, -0.0071,
        -0.0000, -0.0408, -0.0443, -0.0000,  0.0035, -0.0197, -0.0000,  0.0000,
        -0.0000, -0.0000, -0.0000, -0.0000,  0.0422, -0.0000, -0.0000, -0.0360,
         0.0000, -0.0420, -0.0430,  0.0000, -0.0000, -0.0000, -0.0000, -0.0000,
        -0.0000, -0.0000,  0.0000, -0.0000,  0.0000,  0.0068, -0.0169,  0.0000,
        -0.0000, -0.0000,  0.0000,  0.0085, -0.0000, -0.0000, -0.0268, -0.0000,
        -0.0000,  0.0151, -0.0000,  0.0000, -0.0257, -0.0000, -0.0000, -0.0000,
        -0.0000, -0.0000, -0.0496,  0.0019,  0.0000,  0.0012,  0.0000,  0.0197,
        -0.0000, -0.0000, -0.0430, -0.0309,  0.0077, -0.0557, -0.0462, -0.0000,
        -0.0110, -0.0000,  0.0000, -0.0189, -0.0847, -0.0590,  0.0000,  0.0000,
         0.0000, -0.0000, -0.0260, -0.0000, -0.0000, -0.0000, -0.0000, -0.0000,
        -0.0000, -0.0583, -0.0240, -0.0000, -0.0193, -0.0000, -0.0193, -0.0000,
        -0.0000,  0.0000, -0.0000, -0.0000, -0.0000, -0.0000,  0.0002, -0.0135,
        -0.0000, -0.0000, -0.0000, -0.0000, -0.0000, -0.0000, -0.0000, -0.0480,
         0.0000, -0.0000, -0.0000, -0.0000, -0.0000, -0.0000, -0.0099, -0.0000,
        -0.0000, -0.0000,  0.0000,  0.0000, -0.0000, -0.0000, -0.0000, -0.0368,
        -0.0787, -0.0000,  0.0000, -0.0000, -0.0000, -0.0553, -0.0412, -0.0000,
         0.0000, -0.0458, -0.0000, -0.0000,  0.0000,  0.0000, -0.0000,  0.0147,
        -0.0163, -0.0000, -0.0000, -0.0000, -0.0000, -0.0000, -0.0000,  0.0114,
        -0.0547, -0.0000, -0.0000, -0.0000, -0.0417,  0.0000,  0.0000, -0.0170,
        -0.0000, -0.0286, -0.0129, -0.0000, -0.0196, -0.0000, -0.0000,  0.0000,
        -0.0581, -0.0000, -0.0000, -0.0000,  0.0000, -0.0292, -0.0019, -0.0000,
        -0.0000,  0.0000,  0.0115, -0.0567, -0.0000, -0.0477, -0.0000, -0.0000],
       device='cuda:0')), ('fc2.weight', tensor([[-1.2368e-01, -0.0000e+00,  0.0000e+00,  ...,  0.0000e+00,
         -2.7185e-02, -0.0000e+00],
        [ 0.0000e+00,  3.2649e-02, -0.0000e+00,  ...,  0.0000e+00,
          0.0000e+00,  0.0000e+00],
        [-0.0000e+00,  0.0000e+00,  0.0000e+00,  ..., -0.0000e+00,
          0.0000e+00,  0.0000e+00],
        ...,
        [ 0.0000e+00, -0.0000e+00,  0.0000e+00,  ..., -2.0102e-02,
         -5.3111e-06, -0.0000e+00],
        [-0.0000e+00, -0.0000e+00,  0.0000e+00,  ...,  0.0000e+00,
         -0.0000e+00,  5.5218e-03],
        [-0.0000e+00,  0.0000e+00, -0.0000e+00,  ..., -0.0000e+00,
          0.0000e+00,  0.0000e+00]], device='cuda:0')), ('fc2.bias', tensor([-0.0000, -0.0000,  0.0000,  0.0000, -0.0000,  0.1041,  0.0000, -0.0542,
        -0.0000, -0.0000, -0.0564,  0.0000,  0.0000, -0.0000, -0.0000, -0.0279,
        -0.0000,  0.0000, -0.0000, -0.0000, -0.0000,  0.1217, -0.0000, -0.0000,
        -0.0000,  0.0000,  0.0000,  0.0000, -0.0000, -0.0000,  0.0000,  0.1482,
         0.0000,  0.0000,  0.1152,  0.0000, -0.0868, -0.0179, -0.0373, -0.0000,
         0.1944,  0.0000,  0.2128, -0.0000,  0.0418, -0.0230, -0.0000,  0.0000,
         0.0000,  0.0000,  0.0000, -0.0000, -0.0000, -0.0000,  0.0000, -0.0000,
        -0.0000, -0.0000, -0.0000,  0.0000, -0.0643, -0.0000, -0.0000,  0.0531,
        -0.0000,  0.0505,  0.0000,  0.0000,  0.2305,  0.0000, -0.0703, -0.0000,
        -0.0000,  0.0000,  0.1819, -0.0000,  0.1959, -0.0000, -0.0000, -0.0998,
         0.0000, -0.0000, -0.0000,  0.0000,  0.0130, -0.0000, -0.0000, -0.1032,
        -0.0630, -0.0096,  0.0000,  0.1358,  0.0000,  0.0000,  0.0000,  0.0000,
        -0.0000, -0.0594,  0.1085,  0.0000, -0.0000,  0.0000,  0.0000,  0.0000,
         0.0000,  0.0000, -0.0000,  0.0000, -0.0000, -0.0000,  0.0000, -0.0000,
         0.0000, -0.0000,  0.0000,  0.0078,  0.0000, -0.0000,  0.0000, -0.0000,
         0.1931, -0.0000, -0.0000,  0.0000, -0.0000, -0.0000,  0.1078,  0.1314,
        -0.0398, -0.0266,  0.0000,  0.1080,  0.0000,  0.0000,  0.1534, -0.0000,
        -0.1402, -0.0000, -0.0000, -0.0000,  0.0047, -0.0000,  0.0000, -0.1290,
        -0.0000,  0.0000, -0.0000,  0.1191, -0.0000, -0.1341,  0.0000, -0.0000,
        -0.0125,  0.0000,  0.0000, -0.0000,  0.0501,  0.0000,  0.0366, -0.0000,
        -0.0861,  0.0110,  0.0602,  0.1226,  0.0955,  0.0000,  0.0000,  0.0000,
         0.0829, -0.0000,  0.0000,  0.0000, -0.0000, -0.0000,  0.1583, -0.0456,
        -0.0000, -0.0000, -0.0682,  0.0000, -0.0000,  0.0200,  0.0000,  0.0000,
        -0.0516,  0.1558,  0.2112,  0.0000, -0.0000,  0.0000, -0.0000, -0.0000,
        -0.1617,  0.0000,  0.0000,  0.0000, -0.0000,  0.0583, -0.0000, -0.0000,
         0.0000,  0.0000, -0.0000,  0.1548, -0.0655, -0.0000,  0.0746,  0.0000,
         0.0000, -0.0000, -0.0000,  0.0550, -0.0257,  0.0000, -0.0000, -0.0000,
         0.0111, -0.0000, -0.0000, -0.0000,  0.0282, -0.0000,  0.0000, -0.0000,
         0.0000,  0.0000, -0.0000,  0.0809, -0.0223, -0.0000, -0.0000,  0.1334,
         0.1949, -0.0000, -0.0757, -0.0000, -0.0000,  0.2078, -0.0000, -0.0000,
        -0.0000,  0.0731, -0.0000,  0.0000, -0.0000,  0.0000, -0.0000,  0.0000,
         0.0625,  0.0210,  0.0885,  0.0000, -0.0000, -0.0000, -0.0000, -0.0000],
       device='cuda:0')), ('fc3.weight', tensor([[-0.0000,  0.0000,  0.0000,  ...,  0.0000, -0.0163, -0.0000],
        [ 0.0000, -0.0000,  0.0887,  ..., -0.0000, -0.0876,  0.0000],
        [-0.0761, -0.0000, -0.0000,  ..., -0.0000, -0.0000,  0.0000],
        ...,
        [ 0.0465,  0.0397, -0.0000,  ...,  0.1279,  0.0000, -0.0000],
        [-0.0000,  0.0000, -0.0000,  ...,  0.0000,  0.0000, -0.0000],
        [-0.0000,  0.0000, -0.0000,  ...,  0.0000,  0.0000,  0.0000]],
       device='cuda:0')), ('fc3.bias', tensor([ 0.0000, -0.0000, -0.0015,  0.0000,  0.0000, -0.0409,  0.0000,  0.0740,
        -0.0572, -0.0741, -0.0000, -0.0000,  0.0000, -0.0016, -0.0000, -0.0000,
         0.0000,  0.0000,  0.0000, -0.0063,  0.0000, -0.0000, -0.0100,  0.0000,
        -0.0000, -0.0000,  0.0663, -0.0000,  0.0000, -0.0000,  0.0000, -0.0000,
        -0.0000, -0.0000,  0.1459, -0.0249,  0.0000, -0.0000, -0.0000, -0.0000,
        -0.0120,  0.0000,  0.0000, -0.0000, -0.0000, -0.0798,  0.0000,  0.0000,
        -0.0000,  0.0000,  0.0000,  0.0000, -0.0000, -0.0000,  0.0185,  0.0000,
        -0.0746, -0.1044,  0.2085,  0.0384,  0.0000,  0.0000, -0.0625,  0.0000,
         0.0000, -0.0000, -0.0298, -0.0640, -0.0000,  0.1030,  0.0461,  0.2916,
         0.0000,  0.0169, -0.0000,  0.0000,  0.0000,  0.0421, -0.0000,  0.0000,
        -0.0000, -0.0000,  0.1100, -0.0000,  0.1551,  0.0205, -0.0313, -0.0000,
         0.0000,  0.0000,  0.0000,  0.0058, -0.0000,  0.0000, -0.0465,  0.0000,
         0.0000, -0.0786,  0.0000, -0.0146,  0.1466, -0.0000,  0.0000,  0.0000,
        -0.0000, -0.0000,  0.0406, -0.0000, -0.0000, -0.0000, -0.0000,  0.0100,
        -0.0000,  0.0000,  0.0000,  0.0000, -0.0000, -0.0284,  0.1310, -0.0000,
        -0.0000, -0.0000, -0.0000, -0.0000,  0.0000,  0.0000,  0.0000,  0.0000],
       device='cuda:0')), ('fc4.weight', tensor([[-0.0000, -0.0000, -0.0000,  ..., -0.1936,  0.0000, -0.0000],
        [-0.0000,  0.1689,  0.0000,  ..., -0.0000,  0.0000,  0.0000],
        [-0.0000, -0.1962,  0.0000,  ...,  0.0048,  0.0000,  0.0000],
        ...,
        [-0.0000,  0.0869,  0.0920,  ..., -0.2087,  0.0000,  0.0000],
        [ 0.0887, -0.0977,  0.0000,  ...,  0.0000,  0.0000,  0.0000],
        [ 0.0836,  0.0000, -0.2059,  ..., -0.0000,  0.0000,  0.0000]],
       device='cuda:0')), ('fc4.bias', tensor([-0.0000, -0.0000, -0.0000, -0.0000,  0.1029, -0.0000,  0.0425, -0.0653,
         0.0000,  0.0000], device='cuda:0'))])