OrderedDict([('fc1.weight', tensor([[0.0000, 0.0000, 0.0000,  ..., 0.0000, 0.0550, 0.0434],
        [0.0000, 0.0000, 0.0000,  ..., 0.0000, 0.0726, 0.0000],
        [-0.0000, -0.0000, -0.0000,  ..., -0.0000, 0.0286, 0.0208],
        ...,
        [0.0000, 0.0000, 0.0000,  ..., 0.0000, 0.0000, 0.0000],
        [0.0000, 0.0000, 0.0000,  ..., 0.0000, 0.0126, 0.0000],
        [0.0000, 0.0000, 0.0506,  ..., 0.0530, 0.0000, 0.0000]],
       device='cuda:0')), ('fc1.bias', tensor([-0.0705, -0.0000,  0.0000,  0.0000, -0.0000,  0.0000,  0.0085, -0.0000,
        -0.0670, -0.0000, -0.0407, -0.0249,  0.0000, -0.0000, -0.0000, -0.0371,
        -0.0000, -0.0000, -0.0981, -0.0000, -0.0000, -0.0000, -0.0000,  0.0000,
         0.0000, -0.0000,  0.0086, -0.0670, -0.0000,  0.0000, -0.0000, -0.0000,
        -0.0000,  0.0000, -0.0189,  0.0088,  0.0000,  0.0000, -0.0000,  0.0000,
        -0.0000, -0.0000, -0.0000, -0.0000, -0.0000,  0.0000, -0.0748,  0.0000,
        -0.0000, -0.0000,  0.0125, -0.0569, -0.0000, -0.0419, -0.0000, -0.0120,
         0.0000,  0.0000, -0.0291, -0.0093, -0.0163,  0.0000, -0.0000, -0.0000,
         0.0000, -0.0000, -0.0000, -0.0324, -0.0000, -0.0000, -0.0000, -0.0093,
        -0.0000,  0.0000,  0.0000, -0.0637,  0.0000, -0.0000, -0.0000,  0.0346,
        -0.0000, -0.0288, -0.0000, -0.0000, -0.0221, -0.0000, -0.0483,  0.0000,
         0.0000,  0.0000, -0.0278, -0.0000, -0.0420,  0.0000, -0.0340, -0.0000,
        -0.0000, -0.0029, -0.0165, -0.0000,  0.0138, -0.0000, -0.0000,  0.0000,
        -0.0000, -0.0000, -0.0000, -0.0000, -0.0000, -0.0417, -0.0299, -0.0000,
         0.0000, -0.0000, -0.0000, -0.0000,  0.0000,  0.0000,  0.0000,  0.0000,
        -0.0000, -0.0000, -0.0000, -0.0000, -0.0000, -0.0072, -0.0000, -0.0000,
        -0.0000, -0.0000, -0.0000, -0.0028, -0.0000, -0.0000, -0.0486, -0.0000,
        -0.0705, -0.0000, -0.0000,  0.0000, -0.0000, -0.0975, -0.0000, -0.0264,
        -0.0934, -0.0536,  0.0000,  0.0000,  0.0000, -0.0000, -0.0429, -0.0000,
        -0.0002, -0.0000, -0.0000, -0.0000, -0.0777, -0.0512, -0.0000, -0.0000,
         0.0000, -0.0000, -0.0000, -0.0126, -0.0000, -0.0647, -0.0000,  0.0000,
        -0.0217, -0.0000,  0.0000, -0.0154, -0.0000,  0.0000, -0.0000, -0.0426,
        -0.0194, -0.0000, -0.0000,  0.0000,  0.0000, -0.0000, -0.0000, -0.0000,
         0.0000,  0.0000, -0.0000,  0.0000, -0.0000,  0.0000,  0.0000, -0.0081,
        -0.0000, -0.0055, -0.0000, -0.0000, -0.0000, -0.0441, -0.0359, -0.0000,
         0.0000, -0.0000, -0.0000, -0.0422, -0.0000,  0.0000,  0.0167, -0.0000,
        -0.0000, -0.0000, -0.0000, -0.0000, -0.0569,  0.0000, -0.0000, -0.0319,
         0.0166, -0.0000, -0.0000,  0.0000, -0.0000, -0.0000, -0.0000, -0.0000,
        -0.0000, -0.0000, -0.0000, -0.0000, -0.0643, -0.0000, -0.0000, -0.0000,
         0.0000, -0.0000, -0.0000, -0.0000,  0.0000, -0.0140, -0.0000, -0.0367,
        -0.0305, -0.0617, -0.0000, -0.0000,  0.0000, -0.0000, -0.0000, -0.0000,
        -0.0854, -0.0000,  0.0000, -0.0000, -0.0135, -0.0000, -0.0000, -0.0000,
        -0.0005, -0.0635,  0.0000,  0.0000, -0.0000, -0.0417, -0.0000, -0.0498,
         0.0000, -0.0219, -0.0611, -0.0000, -0.0000, -0.0535, -0.0000, -0.0000,
        -0.0329, -0.0000, -0.0000, -0.0000, -0.0000, -0.0426, -0.0847, -0.0000,
         0.0000, -0.0000, -0.0054,  0.0000, -0.0021, -0.0000, -0.0000, -0.0000,
        -0.0000, -0.0000, -0.0000, -0.0438,  0.0000, -0.0134,  0.0000, -0.0000,
        -0.0521, -0.0000, -0.0450,  0.0000,  0.0000, -0.0568, -0.0780, -0.0000,
        -0.0000,  0.0000, -0.0000, -0.0000, -0.0000, -0.0000, -0.0000, -0.0000,
        -0.0000, -0.0000, -0.0308, -0.0105, -0.0097, -0.0600, -0.0045,  0.0000,
        -0.0000, -0.0000, -0.0543, -0.0645, -0.0105, -0.0000, -0.0000, -0.0000,
        -0.0000, -0.0434, -0.0505, -0.0000, -0.0100, -0.0000,  0.0000, -0.0180,
        -0.0000, -0.0507, -0.0623, -0.0000, -0.0031, -0.0474, -0.0000, -0.0000,
        -0.0000,  0.0000,  0.0000, -0.0000,  0.0526, -0.0000, -0.0000, -0.0517,
        -0.0000, -0.0432, -0.0368, -0.0000, -0.0000,  0.0000, -0.0000, -0.0000,
        -0.0000, -0.0000, -0.0000, -0.0000, -0.0000,  0.0047, -0.0212,  0.0000,
        -0.0000, -0.0000, -0.0000,  0.0075, -0.0000, -0.0000, -0.0424, -0.0000,
        -0.0000,  0.0055, -0.0000,  0.0000, -0.0264, -0.0000,  0.0000, -0.0000,
        -0.0000, -0.0000, -0.0655,  0.0053, -0.0000, -0.0093, -0.0000,  0.0054,
        -0.0000, -0.0000, -0.0677, -0.0360,  0.0101, -0.0620, -0.0664, -0.0000,
        -0.0388, -0.0000,  0.0000, -0.0413, -0.0927, -0.0711,  0.0000, -0.0000,
        -0.0000, -0.0000, -0.0255,  0.0000, -0.0000, -0.0000, -0.0000, -0.0000,
        -0.0000, -0.0671, -0.0265, -0.0000, -0.0122, -0.0000, -0.0253,  0.0000,
        -0.0000, -0.0000, -0.0000, -0.0000, -0.0000, -0.0000, -0.0140, -0.0266,
        -0.0000,  0.0000, -0.0000,  0.0000, -0.0000, -0.0000, -0.0000, -0.0545,
        -0.0000, -0.0000, -0.0000, -0.0000, -0.0000, -0.0000, -0.0144, -0.0000,
        -0.0000, -0.0000, -0.0000, -0.0000,  0.0000, -0.0000, -0.0000, -0.0540,
        -0.0840, -0.0000, -0.0000, -0.0000,  0.0000, -0.0533, -0.0537,  0.0000,
        -0.0000, -0.0476, -0.0000, -0.0000, -0.0000,  0.0000, -0.0000,  0.0074,
        -0.0363, -0.0000, -0.0000,  0.0000, -0.0000, -0.0000, -0.0000,  0.0019,
        -0.0666, -0.0000, -0.0000, -0.0000, -0.0629, -0.0000,  0.0000, -0.0429,
        -0.0000, -0.0310, -0.0201, -0.0000, -0.0349, -0.0000, -0.0000, -0.0000,
        -0.0745, -0.0000,  0.0000, -0.0000, -0.0000, -0.0292,  0.0164, -0.0000,
         0.0000, -0.0000, -0.0070, -0.0637, -0.0000, -0.0623, -0.0000, -0.0000],
       device='cuda:0')), ('fc2.weight', tensor([[-1.4911e-01,  0.0000e+00, -0.0000e+00,  ..., -0.0000e+00,
         -2.7185e-02,  0.0000e+00],
        [-0.0000e+00,  5.6409e-02, -0.0000e+00,  ..., -0.0000e+00,
          0.0000e+00,  0.0000e+00],
        [-0.0000e+00,  0.0000e+00,  0.0000e+00,  ..., -0.0000e+00,
          0.0000e+00,  0.0000e+00],
        ...,
        [ 0.0000e+00, -0.0000e+00,  0.0000e+00,  ..., -2.7484e-02,
         -5.3111e-06, -0.0000e+00],
        [-0.0000e+00,  0.0000e+00,  0.0000e+00,  ..., -0.0000e+00,
         -0.0000e+00,  5.2256e-03],
        [ 0.0000e+00,  0.0000e+00, -0.0000e+00,  ...,  0.0000e+00,
          0.0000e+00,  0.0000e+00]], device='cuda:0')), ('fc2.bias', tensor([-0.0000, -0.0000, -0.0000,  0.0000, -0.0000,  0.1312, -0.0000, -0.0560,
        -0.0000, -0.0000, -0.0565,  0.0000,  0.0000, -0.0000, -0.0000, -0.0502,
        -0.0000, -0.0000, -0.0000, -0.0000,  0.0000,  0.1468, -0.0000, -0.0000,
        -0.0000,  0.0000,  0.0000,  0.0000, -0.0000, -0.0000,  0.0000,  0.1707,
        -0.0000,  0.0000,  0.1482,  0.0000, -0.1061, -0.0588, -0.0329,  0.0000,
         0.2477, -0.0000,  0.2807, -0.0000,  0.0187, -0.0583, -0.0000, -0.0000,
         0.0000,  0.0000,  0.0000, -0.0000,  0.0000, -0.0000, -0.0000,  0.0000,
        -0.0000, -0.0000,  0.0000,  0.0000, -0.0823, -0.0000, -0.0000,  0.0671,
        -0.0000,  0.0534,  0.0000,  0.0000,  0.2721, -0.0000, -0.1008, -0.0000,
        -0.0000,  0.0000,  0.1891, -0.0000,  0.2317,  0.0000, -0.0000, -0.1491,
         0.0000, -0.0000,  0.0000, -0.0000, -0.0005,  0.0000,  0.0000, -0.1279,
        -0.0896, -0.0470,  0.0000,  0.1937,  0.0000,  0.0000,  0.0000,  0.0000,
        -0.0000, -0.0893,  0.0871, -0.0000,  0.0000,  0.0000, -0.0000,  0.0000,
         0.0000, -0.0000,  0.0000, -0.0000,  0.0000, -0.0000,  0.0000,  0.0000,
         0.0000, -0.0000,  0.0000,  0.0061,  0.0000, -0.0000,  0.0000, -0.0000,
         0.2552,  0.0000, -0.0000,  0.0000, -0.0000, -0.0000,  0.1373,  0.1296,
        -0.0505, -0.0449, -0.0000,  0.1371,  0.0000,  0.0000,  0.1949,  0.0000,
        -0.1995, -0.0000, -0.0000, -0.0000, -0.0205, -0.0000,  0.0000, -0.1499,
        -0.0000, -0.0000, -0.0000,  0.1152, -0.0000, -0.1582,  0.0000, -0.0000,
        -0.0194,  0.0000,  0.0000, -0.0000,  0.0517,  0.0000,  0.0274, -0.0000,
        -0.0861,  0.0188,  0.0770,  0.1402,  0.1100,  0.0000,  0.0000, -0.0000,
         0.0987, -0.0000,  0.0000,  0.0000, -0.0000, -0.0000,  0.1968, -0.0745,
        -0.0000, -0.0000, -0.0905, -0.0000, -0.0000, -0.0011, -0.0000, -0.0000,
        -0.0540,  0.1584,  0.2437,  0.0000, -0.0000,  0.0000, -0.0000, -0.0000,
        -0.1938,  0.0000,  0.0000, -0.0000, -0.0000,  0.0682, -0.0000, -0.0000,
         0.0000,  0.0000,  0.0000,  0.2043, -0.1275, -0.0000,  0.0577,  0.0000,
         0.0000, -0.0000, -0.0000,  0.0727, -0.0434,  0.0000,  0.0000,  0.0000,
         0.0054, -0.0000, -0.0000,  0.0000,  0.0513, -0.0000, -0.0000, -0.0000,
         0.0000,  0.0000, -0.0000,  0.0822, -0.0491, -0.0000, -0.0000,  0.1463,
         0.2243, -0.0000, -0.1219,  0.0000, -0.0000,  0.2321, -0.0000, -0.0000,
        -0.0000,  0.0571,  0.0000, -0.0000,  0.0000, -0.0000, -0.0000,  0.0000,
         0.0690, -0.0041,  0.1249,  0.0000, -0.0000,  0.0000, -0.0000, -0.0000],
       device='cuda:0')), ('fc3.weight', tensor([[-0.0000, -0.0000, -0.0000,  ...,  0.0000, -0.0155,  0.0000],
        [ 0.0000,  0.0000,  0.1150,  ...,  0.0000, -0.0755,  0.0000],
        [-0.0805, -0.0000,  0.0000,  ..., -0.0000, -0.0000,  0.0000],
        ...,
        [ 0.0369,  0.0599,  0.0000,  ...,  0.1238, -0.0000, -0.0000],
        [-0.0000, -0.0000, -0.0000,  ..., -0.0000, -0.0000,  0.0000],
        [-0.0000, -0.0000, -0.0000,  ...,  0.0000,  0.0000, -0.0000]],
       device='cuda:0')), ('fc3.bias', tensor([ 0.0000, -0.0000, -0.0124, -0.0000,  0.0000, -0.0728,  0.0000,  0.0889,
        -0.0598, -0.0741, -0.0000, -0.0000,  0.0000, -0.0146, -0.0000, -0.0000,
         0.0000,  0.0000,  0.0000, -0.0014,  0.0000, -0.0000, -0.0107,  0.0000,
         0.0000, -0.0000,  0.0635,  0.0000, -0.0000, -0.0000,  0.0000, -0.0000,
        -0.0000, -0.0000,  0.1757, -0.0156, -0.0000, -0.0000, -0.0000, -0.0000,
        -0.0126,  0.0000,  0.0000, -0.0000, -0.0000, -0.1037, -0.0000,  0.0000,
        -0.0000,  0.0000,  0.0000,  0.0000, -0.0000, -0.0000, -0.0117, -0.0000,
        -0.0740, -0.1044,  0.2979,  0.0258,  0.0000, -0.0000, -0.1134,  0.0000,
         0.0000, -0.0000, -0.0307, -0.0923, -0.0000,  0.1074,  0.0600,  0.3408,
         0.0000, -0.0007, -0.0000,  0.0000,  0.0000,  0.0458,  0.0000,  0.0000,
        -0.0000, -0.0000,  0.1113, -0.0000,  0.1509,  0.0182, -0.0130, -0.0000,
         0.0000,  0.0000,  0.0000, -0.0085, -0.0000,  0.0000, -0.0465,  0.0000,
        -0.0000, -0.1050, -0.0000, -0.0353,  0.1523, -0.0000,  0.0000, -0.0000,
        -0.0000, -0.0000,  0.0295,  0.0000, -0.0000, -0.0000,  0.0000, -0.0225,
        -0.0000, -0.0000,  0.0000,  0.0000, -0.0000, -0.0284,  0.1510, -0.0000,
        -0.0000, -0.0000, -0.0000, -0.0000,  0.0000, -0.0000,  0.0000,  0.0000],
       device='cuda:0')), ('fc4.weight', tensor([[ 0.0000, -0.0000, -0.0000,  ..., -0.2177,  0.0000, -0.0000],
        [ 0.0000,  0.1735,  0.0000,  ..., -0.0000,  0.0000, -0.0000],
        [ 0.0000, -0.2387,  0.0000,  ..., -0.0137,  0.0000,  0.0000],
        ...,
        [-0.0000,  0.1025,  0.0921,  ..., -0.2385, -0.0000, -0.0000],
        [ 0.0948, -0.1042,  0.0000,  ...,  0.0000,  0.0000,  0.0000],
        [ 0.0865, -0.0000, -0.2150,  ..., -0.0000, -0.0000,  0.0000]],
       device='cuda:0')), ('fc4.bias', tensor([ 0.0000, -0.0000,  0.0000, -0.0000,  0.1066, -0.0000,  0.0271, -0.1029,
         0.0000,  0.0000], device='cuda:0'))])