OrderedDict([('fc1.weight', tensor([[ 0.0000,  0.0000,  0.0000,  ...,  0.0000,  0.0000,  0.0000],
        [ 0.0000,  0.0000,  0.0000,  ..., -0.0067,  0.0000,  0.0159],
        [ 0.0000,  0.0000,  0.0000,  ...,  0.0000,  0.0576,  0.0000],
        ...,
        [ 0.0000,  0.0000, -0.0142,  ...,  0.0000,  0.0069,  0.0000],
        [-0.0000, -0.0000, -0.0000,  ...,  0.0320, -0.0000, -0.0000],
        [-0.0000, -0.0000, -0.0321,  ..., -0.0000, -0.0000, -0.0000]],
       device='cuda:0')), ('fc1.bias', tensor([-0.0230, -0.0000, -0.0000, -0.0000,  0.0000, -0.0000, -0.0000, -0.0057,
        -0.0000, -0.0000, -0.0000, -0.0000, -0.0104, -0.0000, -0.0110, -0.0000,
        -0.0206, -0.0000, -0.0000, -0.0312, -0.0000, -0.0128, -0.0000, -0.0000,
        -0.0000, -0.0000,  0.0060, -0.0000, -0.0000, -0.0000, -0.0184, -0.0124,
        -0.0157,  0.0000, -0.0000,  0.0000, -0.0000, -0.0000, -0.0000, -0.0000,
        -0.0000, -0.0200, -0.0000, -0.0268, -0.0000,  0.0190, -0.0000, -0.0000,
        -0.0270, -0.0000, -0.0000, -0.0000, -0.0000,  0.0026,  0.0000, -0.0000,
        -0.0018, -0.0000,  0.0000, -0.0000, -0.0000, -0.0185, -0.0000, -0.0000,
        -0.0000, -0.0119, -0.0312, -0.0000,  0.0376,  0.0056, -0.0000, -0.0000,
        -0.0000,  0.0000, -0.0189, -0.0000, -0.0000, -0.0000,  0.0000,  0.0034,
        -0.0000,  0.0000, -0.0000, -0.0000, -0.0065, -0.0000, -0.0000, -0.0000,
        -0.0000,  0.0000, -0.0000, -0.0000,  0.0000, -0.0108, -0.0000, -0.0000,
        -0.0000, -0.0283, -0.0000, -0.0000, -0.0000,  0.0039, -0.0000, -0.0000,
         0.0136, -0.0000, -0.0000, -0.0260,  0.0000, -0.0000, -0.0204, -0.0000,
        -0.0000,  0.0084,  0.0000,  0.0051, -0.0000,  0.0069,  0.0269, -0.0000,
        -0.0429, -0.0110, -0.0025, -0.0000, -0.0219, -0.0000, -0.0000,  0.0000,
        -0.0000, -0.0000,  0.0143,  0.0118,  0.0054, -0.0000, -0.0000, -0.0000,
        -0.0000, -0.0117, -0.0000, -0.0000, -0.0000, -0.0000,  0.0114,  0.0000,
        -0.0000, -0.0055, -0.0000, -0.0339, -0.0000, -0.0000, -0.0000,  0.0068,
        -0.0000,  0.0000, -0.0000,  0.0000,  0.0000, -0.0000, -0.0000,  0.0377,
        -0.0000, -0.0000,  0.0000, -0.0438, -0.0000, -0.0000, -0.0000, -0.0421,
        -0.0000,  0.0091, -0.0531, -0.0000,  0.0302,  0.0056,  0.0227,  0.0155,
        -0.0000, -0.0000, -0.0372, -0.0000, -0.0329, -0.0000, -0.0437, -0.0000,
        -0.0000, -0.0000, -0.0502, -0.0569,  0.0000, -0.0000,  0.0000,  0.0055,
         0.0000, -0.0325, -0.0000, -0.0000,  0.0000,  0.0135, -0.0000, -0.0000,
        -0.0000, -0.0000,  0.0154, -0.0000, -0.0000, -0.0000, -0.0391, -0.0000,
        -0.0000,  0.0000, -0.0426, -0.0259, -0.0478, -0.0228, -0.0253, -0.0005,
        -0.0000, -0.0000, -0.0000, -0.0000, -0.0000, -0.0053, -0.0000,  0.0000,
        -0.0000, -0.0000, -0.0000, -0.0000, -0.0000, -0.0000, -0.0000, -0.0000,
        -0.0000,  0.0043, -0.0000, -0.0000, -0.0000, -0.0000, -0.0000, -0.0000,
        -0.0000, -0.0000,  0.0000, -0.0000, -0.0000,  0.0309, -0.0000, -0.0000,
        -0.0000, -0.0111, -0.0000, -0.0137, -0.0000, -0.0131, -0.0262,  0.0000,
        -0.0019, -0.0000, -0.0000, -0.0000, -0.0008, -0.0000,  0.0000, -0.0000,
        -0.0000, -0.0000, -0.0000,  0.0027, -0.0000, -0.0000,  0.0233, -0.0000,
         0.0127, -0.0000, -0.0000, -0.0000, -0.0000, -0.0000, -0.0000, -0.0000,
        -0.0000,  0.0105,  0.0000, -0.0386, -0.0000, -0.0000, -0.0396, -0.0000,
         0.0205, -0.0000,  0.0108, -0.0000, -0.0000, -0.0000, -0.0000,  0.0159,
         0.0158, -0.0000, -0.0230, -0.0000, -0.0025, -0.0000, -0.0000,  0.0000,
        -0.0000, -0.0000,  0.0000, -0.0000, -0.0000, -0.0000, -0.0000,  0.0000,
        -0.0415, -0.0000, -0.0000, -0.0000,  0.0008, -0.0238, -0.0000, -0.0000,
        -0.0009, -0.0000,  0.0248,  0.0000,  0.0253, -0.0000, -0.0054, -0.0288,
        -0.0000, -0.0000, -0.0399, -0.0000, -0.0000, -0.0000, -0.0000, -0.0084,
        -0.0307, -0.0348, -0.0000, -0.0000, -0.0000, -0.0000, -0.0000, -0.0169,
        -0.0000, -0.0453, -0.0000, -0.0000, -0.0231, -0.0000, -0.0202, -0.0000,
         0.0000,  0.0000, -0.0000, -0.0000, -0.0054, -0.0000, -0.0000,  0.0063,
        -0.0000, -0.0000, -0.0000, -0.0220, -0.0179,  0.0000,  0.0061, -0.0238,
         0.0000,  0.0137, -0.0000,  0.0000, -0.0154, -0.0325,  0.0000, -0.0479,
        -0.0000,  0.0094, -0.0000, -0.0000,  0.0000,  0.0185,  0.0431, -0.0000,
        -0.0000, -0.0000, -0.0000,  0.0000, -0.0208, -0.0000, -0.0000, -0.0000,
        -0.0000, -0.0000, -0.0000,  0.0000, -0.0000, -0.0000, -0.0000, -0.0000,
        -0.0000, -0.0000, -0.0000, -0.0000, -0.0458, -0.0000, -0.0225, -0.0085,
         0.0186, -0.0000,  0.0272, -0.0000, -0.0000, -0.0000, -0.0000,  0.0000,
        -0.0000, -0.0000, -0.0000, -0.0050, -0.0000, -0.0000, -0.0000, -0.0000,
        -0.0000, -0.0000, -0.0000, -0.0000, -0.0000, -0.0000, -0.0000, -0.0000,
         0.0093, -0.0000, -0.0000, -0.0000, -0.0000, -0.0000, -0.0000,  0.0330,
        -0.0000, -0.0000,  0.0000, -0.0000, -0.0000, -0.0000, -0.0000, -0.0041,
        -0.0089, -0.0153, -0.0000, -0.0000, -0.0000, -0.0000,  0.0000,  0.0254,
        -0.0266, -0.0550, -0.0735, -0.0000,  0.0000, -0.0000, -0.0000,  0.0000,
        -0.0000, -0.0000, -0.0016, -0.0084, -0.0000,  0.0146,  0.0138, -0.0000,
        -0.0000, -0.0000, -0.0000,  0.0129, -0.0000, -0.0000, -0.0000,  0.0118,
        -0.0000, -0.0259, -0.0000, -0.0000, -0.0127,  0.0000,  0.0175, -0.0272,
        -0.0474, -0.0000, -0.0099, -0.0000,  0.0375, -0.0000, -0.0000,  0.0000,
         0.0054, -0.0000, -0.0000,  0.0000, -0.0134, -0.0000, -0.0000,  0.0000,
        -0.0183,  0.0000, -0.0000, -0.0000, -0.0000, -0.0000,  0.0000,  0.0000],
       device='cuda:0')), ('fc2.weight', tensor([[-0.0000, -0.0000,  0.0000,  ...,  0.0073, -0.0458,  0.0000],
        [ 0.0000,  0.0000, -0.0000,  ...,  0.0000, -0.0970,  0.0000],
        [-0.0000, -0.0100, -0.0450,  ..., -0.0000,  0.0401,  0.0000],
        ...,
        [-0.0000,  0.0000, -0.0145,  ...,  0.0000,  0.0000,  0.0000],
        [-0.0000,  0.0000, -0.0000,  ..., -0.0000,  0.0000,  0.0000],
        [-0.0000,  0.0444,  0.0346,  ..., -0.0000,  0.0000, -0.0000]],
       device='cuda:0')), ('fc2.bias', tensor([ 0.0000,  0.0000,  0.0000, -0.0616, -0.0369, -0.0000,  0.0104,  0.0000,
        -0.0000,  0.0000,  0.0000,  0.0000,  0.0000,  0.0000,  0.0000, -0.0000,
         0.0000,  0.0350,  0.0000, -0.0114, -0.0263,  0.0840, -0.0215,  0.0273,
        -0.0000, -0.0000, -0.0000,  0.0000,  0.0000,  0.0014, -0.0214, -0.0404,
         0.0000,  0.0000,  0.0000,  0.0000,  0.0000,  0.0000,  0.0115, -0.1230,
         0.0000, -0.0000,  0.0000,  0.0000, -0.0030,  0.0000,  0.0000,  0.0000,
        -0.0000,  0.0693, -0.0527,  0.0159,  0.0000, -0.0192,  0.0000,  0.0000,
        -0.0000, -0.0000,  0.0157,  0.0000, -0.0685,  0.0000, -0.0000,  0.0744,
        -0.0248,  0.0000, -0.0000,  0.0000,  0.0000,  0.0000, -0.0439,  0.0000,
         0.0000,  0.0000,  0.0000,  0.0336,  0.0000, -0.0392, -0.0000,  0.0000,
         0.0000,  0.0169,  0.0021,  0.0000,  0.0000,  0.0000, -0.0395, -0.0000,
        -0.0344,  0.0000, -0.0000,  0.0236, -0.0000,  0.0000, -0.0187,  0.0211,
        -0.0000,  0.0000, -0.0000, -0.0024, -0.0321, -0.0000,  0.0783,  0.0000,
        -0.0000, -0.0049, -0.0000,  0.0000, -0.0000,  0.0096,  0.0000,  0.0000,
         0.0000,  0.0000,  0.0000,  0.0000, -0.0874, -0.0595,  0.0800,  0.1039,
        -0.0000,  0.0000, -0.0000, -0.0000, -0.0704,  0.0030, -0.0000,  0.0000,
         0.0000, -0.0511,  0.0000, -0.0000,  0.0093,  0.0000, -0.0000,  0.0237,
         0.0000, -0.0000,  0.0000,  0.0000,  0.0000,  0.0103, -0.0000,  0.0000,
        -0.0000,  0.0000,  0.0000, -0.0020,  0.0000, -0.0000,  0.1298,  0.0326,
         0.0000, -0.0364, -0.0000,  0.0000, -0.0000,  0.0352,  0.0304,  0.1136,
         0.0141, -0.0000, -0.0000,  0.0476,  0.0477, -0.0000,  0.0254,  0.0000,
         0.0000,  0.0000,  0.0000,  0.0000,  0.0000, -0.0000,  0.0000,  0.0395,
         0.0000, -0.0000,  0.0000, -0.0000, -0.0320,  0.0206, -0.0000,  0.0000,
        -0.0000,  0.0000,  0.0000,  0.0000,  0.0000,  0.0000, -0.0000,  0.0000,
         0.0000, -0.0000,  0.0000, -0.0000,  0.0000,  0.0000,  0.0025, -0.0503,
        -0.0000,  0.0860,  0.0000, -0.0000, -0.0226,  0.0338,  0.0000,  0.0000,
        -0.0000, -0.0000, -0.0000,  0.0000,  0.0000, -0.0000,  0.0329, -0.0000,
         0.0000,  0.0000,  0.0000,  0.0000,  0.0000,  0.0000, -0.0000, -0.0000,
        -0.0000,  0.0195, -0.0000, -0.0179,  0.0000,  0.0424, -0.0000, -0.0772,
         0.0000, -0.0261, -0.0000, -0.0000, -0.0000,  0.0000,  0.0000,  0.0000,
        -0.0000, -0.0000,  0.0000,  0.0180,  0.0802, -0.0000, -0.0000, -0.0000,
         0.0000,  0.0728, -0.0594,  0.0000, -0.0000,  0.0000,  0.0000,  0.0000],
       device='cuda:0')), ('fc3.weight', tensor([[-0.0000,  0.0000, -0.0000,  ..., -0.0000, -0.0000, -0.0000],
        [ 0.0447, -0.0126, -0.0000,  ...,  0.0000, -0.0000,  0.0000],
        [-0.0000,  0.0070, -0.0000,  ..., -0.0000,  0.0088, -0.0000],
        ...,
        [-0.0000, -0.0000,  0.0000,  ..., -0.0000, -0.0000, -0.0000],
        [ 0.0000,  0.0000,  0.0761,  ...,  0.0000,  0.0000,  0.0555],
        [ 0.0000,  0.0000,  0.0538,  ..., -0.0000,  0.0000,  0.0000]],
       device='cuda:0')), ('fc3.bias', tensor([ 0.0000,  0.0000, -0.0000, -0.0000,  0.0000, -0.0000, -0.0300, -0.0000,
        -0.0452,  0.0000, -0.0000,  0.0000,  0.0000,  0.0145,  0.0722, -0.0000,
         0.0000,  0.0000,  0.0332, -0.0061,  0.0000,  0.0000,  0.0000,  0.1046,
        -0.0000,  0.0000,  0.0778,  0.0000,  0.0000,  0.0000,  0.0547, -0.0000,
         0.0432, -0.0191,  0.0000,  0.0000,  0.0000,  0.0000,  0.0000,  0.0462,
         0.0084, -0.0000, -0.0182,  0.0000,  0.0000, -0.0000,  0.0000, -0.0000,
         0.0000,  0.0203,  0.0000,  0.0000,  0.1027,  0.0000, -0.0000,  0.0000,
         0.0175, -0.0059,  0.0575, -0.0000,  0.0000, -0.0000, -0.0387,  0.0000,
         0.0000, -0.0000,  0.0000, -0.0579, -0.0000, -0.0797,  0.0800,  0.0000,
         0.0000,  0.0000, -0.0000, -0.0000, -0.0168,  0.0570, -0.0000,  0.0000,
         0.0000, -0.0787,  0.0965,  0.0000,  0.0000, -0.0364, -0.0820,  0.0000,
         0.0000,  0.0000, -0.0000,  0.0000, -0.0000,  0.0000, -0.0000, -0.0000,
         0.0000,  0.0000, -0.0147,  0.1169,  0.0000,  0.0000,  0.0000, -0.0000,
         0.0000,  0.0735,  0.0000,  0.0000,  0.0000,  0.0000,  0.0000,  0.0000,
        -0.0295, -0.0030,  0.0000,  0.0000, -0.0000, -0.0267,  0.0000,  0.0942,
         0.0740, -0.0000,  0.0000, -0.0440, -0.0000, -0.0429,  0.0000,  0.0000],
       device='cuda:0')), ('fc4.weight', tensor([[-0.0000, -0.0000, -0.0000,  ...,  0.0799,  0.0000, -0.0000],
        [ 0.0193, -0.0608, -0.0000,  ...,  0.1482,  0.0112,  0.1169],
        [ 0.0000, -0.0204, -0.0000,  ..., -0.0000, -0.0000, -0.0000],
        ...,
        [-0.0468,  0.1019, -0.0701,  ..., -0.0165, -0.0640,  0.0030],
        [-0.0000, -0.0000, -0.0000,  ..., -0.0000,  0.0000,  0.0000],
        [-0.0000,  0.0000, -0.0000,  ...,  0.0000, -0.0000, -0.1426]],
       device='cuda:0')), ('fc4.bias', tensor([-0.0000, -0.0000,  0.0040, -0.0000,  0.0000, -0.0000, -0.0645, -0.0000,
         0.0094,  0.0000], device='cuda:0'))])