OrderedDict([('fc1.weight', tensor([[0.0000, 0.0000, 0.0000,  ..., 0.0000, 0.0361, 0.0245],
        [0.0000, 0.0000, 0.0000,  ..., 0.0000, 0.0351, 0.0000],
        [0.0000, 0.0000, 0.0000,  ..., 0.0000, 0.0265, 0.0187],
        ...,
        [0.0000, 0.0000, 0.0000,  ..., 0.0000, 0.0000, 0.0000],
        [0.0000, 0.0000, 0.0000,  ..., 0.0000, 0.0126, 0.0000],
        [0.0000, 0.0000, 0.0212,  ..., 0.0235, 0.0000, 0.0000]],
       device='cuda:0')), ('fc1.bias', tensor([-0.0516, -0.0000, -0.0000, -0.0000, -0.0000,  0.0000,  0.0249, -0.0000,
        -0.0450, -0.0000, -0.0289, -0.0208,  0.0000,  0.0000,  0.0000, -0.0394,
        -0.0000, -0.0000, -0.0663, -0.0000, -0.0000, -0.0000, -0.0000, -0.0000,
        -0.0000, -0.0000,  0.0072, -0.0472,  0.0000,  0.0000, -0.0000, -0.0000,
        -0.0000, -0.0000, -0.0046, -0.0010,  0.0000, -0.0000, -0.0000, -0.0000,
        -0.0000,  0.0000, -0.0000, -0.0000, -0.0000,  0.0000, -0.0570, -0.0000,
        -0.0000, -0.0000,  0.0153, -0.0569, -0.0000, -0.0350, -0.0000, -0.0055,
        -0.0000, -0.0000, -0.0185,  0.0097, -0.0160,  0.0000, -0.0000, -0.0000,
         0.0000, -0.0000, -0.0000, -0.0272, -0.0000, -0.0000, -0.0000, -0.0021,
        -0.0000,  0.0000, -0.0000, -0.0678,  0.0000, -0.0000, -0.0000,  0.0388,
        -0.0000, -0.0129, -0.0000, -0.0000, -0.0081,  0.0000, -0.0563, -0.0000,
        -0.0000,  0.0000, -0.0164, -0.0000, -0.0241, -0.0000, -0.0213, -0.0000,
        -0.0000, -0.0120,  0.0080, -0.0000,  0.0270,  0.0000, -0.0000, -0.0000,
         0.0000, -0.0000,  0.0000, -0.0000,  0.0000, -0.0074, -0.0297, -0.0000,
         0.0000,  0.0000, -0.0000,  0.0000, -0.0000,  0.0000,  0.0000, -0.0000,
        -0.0000,  0.0000, -0.0000,  0.0000, -0.0000,  0.0042, -0.0000, -0.0000,
        -0.0000,  0.0000,  0.0000, -0.0061, -0.0000, -0.0000, -0.0365, -0.0000,
        -0.0434, -0.0000, -0.0000, -0.0000, -0.0000, -0.0703, -0.0000, -0.0297,
        -0.0638, -0.0470, -0.0000,  0.0000,  0.0000, -0.0000, -0.0401, -0.0000,
        -0.0026, -0.0000, -0.0000, -0.0000, -0.0484, -0.0430, -0.0000, -0.0000,
        -0.0000, -0.0000, -0.0000,  0.0042, -0.0000, -0.0615, -0.0000, -0.0000,
        -0.0020, -0.0000, -0.0000, -0.0154, -0.0000, -0.0000, -0.0000, -0.0021,
        -0.0108, -0.0000, -0.0000,  0.0000,  0.0000, -0.0000, -0.0000,  0.0000,
         0.0000, -0.0000, -0.0000, -0.0000, -0.0000, -0.0000, -0.0000,  0.0166,
        -0.0000,  0.0208,  0.0000, -0.0000, -0.0000, -0.0557, -0.0218, -0.0000,
        -0.0000,  0.0000, -0.0000, -0.0367, -0.0000, -0.0000,  0.0304, -0.0000,
         0.0000, -0.0000, -0.0000, -0.0000, -0.0429, -0.0000, -0.0000, -0.0123,
         0.0166, -0.0000,  0.0000,  0.0000, -0.0000, -0.0000, -0.0000,  0.0000,
         0.0000,  0.0000, -0.0000, -0.0000, -0.0581, -0.0000, -0.0000, -0.0000,
         0.0000, -0.0000,  0.0000, -0.0000, -0.0000, -0.0140, -0.0000, -0.0243,
        -0.0270, -0.0320, -0.0000, -0.0000, -0.0000, -0.0000, -0.0000,  0.0000,
        -0.0584, -0.0000, -0.0000, -0.0000,  0.0106, -0.0000, -0.0000, -0.0000,
         0.0054, -0.0450, -0.0000, -0.0000, -0.0000, -0.0199,  0.0000, -0.0484,
         0.0000, -0.0083, -0.0488, -0.0000, -0.0000, -0.0441,  0.0000,  0.0000,
        -0.0327, -0.0000, -0.0000, -0.0000, -0.0000, -0.0145, -0.0545, -0.0000,
         0.0000, -0.0000,  0.0014, -0.0000,  0.0071, -0.0000,  0.0000, -0.0000,
        -0.0000, -0.0000, -0.0000, -0.0332,  0.0000, -0.0099, -0.0000, -0.0000,
        -0.0043, -0.0000, -0.0212,  0.0000, -0.0000, -0.0386, -0.0602, -0.0000,
        -0.0000, -0.0000, -0.0000, -0.0000, -0.0000, -0.0000, -0.0000, -0.0000,
        -0.0000, -0.0000, -0.0269, -0.0222, -0.0177, -0.0410,  0.0165,  0.0000,
        -0.0000, -0.0000, -0.0170, -0.0458, -0.0025, -0.0000,  0.0000, -0.0000,
        -0.0000, -0.0236, -0.0285, -0.0000, -0.0139, -0.0000, -0.0000, -0.0161,
        -0.0000, -0.0451, -0.0440, -0.0000,  0.0108, -0.0090,  0.0000, -0.0000,
        -0.0000, -0.0000, -0.0000, -0.0000,  0.0422, -0.0000, -0.0000, -0.0313,
        -0.0000, -0.0298, -0.0299,  0.0000, -0.0000, -0.0000, -0.0000, -0.0000,
        -0.0000, -0.0000, -0.0000, -0.0000, -0.0000,  0.0049, -0.0068, -0.0000,
        -0.0000,  0.0000, -0.0000,  0.0146, -0.0000, -0.0000, -0.0193, -0.0000,
        -0.0000,  0.0203, -0.0000,  0.0000, -0.0177, -0.0000,  0.0000,  0.0000,
        -0.0000, -0.0000, -0.0408,  0.0058, -0.0000,  0.0008, -0.0000,  0.0251,
         0.0000, -0.0000, -0.0322, -0.0323,  0.0084, -0.0380, -0.0244, -0.0000,
        -0.0065,  0.0000, -0.0000, -0.0086, -0.0710, -0.0545,  0.0000,  0.0000,
        -0.0000, -0.0000, -0.0226,  0.0000, -0.0000, -0.0000, -0.0000, -0.0000,
        -0.0000, -0.0441, -0.0180,  0.0000, -0.0177, -0.0000, -0.0166, -0.0000,
        -0.0000, -0.0000, -0.0000, -0.0000,  0.0000, -0.0000,  0.0013, -0.0163,
        -0.0000, -0.0000, -0.0000, -0.0000, -0.0000, -0.0000, -0.0000, -0.0423,
        -0.0000, -0.0000, -0.0000, -0.0000,  0.0000, -0.0000, -0.0043, -0.0000,
        -0.0000, -0.0000,  0.0000, -0.0000, -0.0000, -0.0000, -0.0000, -0.0307,
        -0.0664, -0.0000,  0.0000, -0.0000, -0.0000, -0.0616, -0.0189, -0.0000,
         0.0000, -0.0425, -0.0000, -0.0000, -0.0000, -0.0000, -0.0000,  0.0205,
        -0.0183, -0.0000, -0.0000, -0.0000,  0.0000, -0.0000, -0.0000,  0.0155,
        -0.0570, -0.0000, -0.0000, -0.0000, -0.0403, -0.0000, -0.0000, -0.0093,
        -0.0000, -0.0217,  0.0014,  0.0000, -0.0073, -0.0000, -0.0000, -0.0000,
        -0.0474, -0.0000, -0.0000, -0.0000, -0.0000, -0.0292, -0.0039, -0.0000,
         0.0000, -0.0000,  0.0101, -0.0518, -0.0000, -0.0398, -0.0000, -0.0000],
       device='cuda:0')), ('fc2.weight', tensor([[-1.1001e-01, -0.0000e+00, -0.0000e+00,  ..., -0.0000e+00,
         -2.7185e-02,  0.0000e+00],
        [-0.0000e+00,  1.3615e-02,  0.0000e+00,  ..., -0.0000e+00,
          0.0000e+00, -0.0000e+00],
        [-0.0000e+00,  0.0000e+00, -0.0000e+00,  ..., -0.0000e+00,
          0.0000e+00,  0.0000e+00],
        ...,
        [ 0.0000e+00, -0.0000e+00, -0.0000e+00,  ..., -3.2811e-02,
         -5.3111e-06,  0.0000e+00],
        [-0.0000e+00, -0.0000e+00,  0.0000e+00,  ...,  0.0000e+00,
         -0.0000e+00,  5.5218e-03],
        [-0.0000e+00, -0.0000e+00, -0.0000e+00,  ..., -0.0000e+00,
          0.0000e+00, -0.0000e+00]], device='cuda:0')), ('fc2.bias', tensor([-0.0000, -0.0000,  0.0000,  0.0000, -0.0000,  0.0920, -0.0000, -0.0399,
        -0.0000, -0.0000, -0.0556,  0.0000, -0.0000, -0.0000, -0.0000, -0.0343,
        -0.0000,  0.0000, -0.0000, -0.0000, -0.0000,  0.1167, -0.0000, -0.0000,
         0.0000,  0.0000,  0.0000,  0.0000, -0.0000, -0.0000,  0.0000,  0.1337,
        -0.0000,  0.0000,  0.1039,  0.0000, -0.0850, -0.0179, -0.0275,  0.0000,
         0.1529,  0.0000,  0.1733, -0.0000,  0.0525, -0.0090, -0.0000, -0.0000,
        -0.0000,  0.0000,  0.0000, -0.0000, -0.0000, -0.0000, -0.0000,  0.0000,
        -0.0000, -0.0000, -0.0000,  0.0000, -0.0454, -0.0000, -0.0000,  0.0418,
        -0.0000,  0.0633,  0.0000,  0.0000,  0.1976, -0.0000, -0.0672,  0.0000,
        -0.0000,  0.0000,  0.1643, -0.0000,  0.1811,  0.0000, -0.0000, -0.0882,
         0.0000, -0.0000, -0.0000, -0.0000,  0.0168, -0.0000,  0.0000, -0.0967,
        -0.0352, -0.0099,  0.0000,  0.1228,  0.0000,  0.0000,  0.0000,  0.0000,
        -0.0000, -0.0593,  0.1157,  0.0000,  0.0000,  0.0000, -0.0000,  0.0000,
        -0.0000,  0.0000,  0.0000,  0.0000,  0.0000, -0.0000,  0.0000, -0.0000,
         0.0000, -0.0000,  0.0000,  0.0222,  0.0000, -0.0000,  0.0000, -0.0000,
         0.1560, -0.0000, -0.0000,  0.0000, -0.0000,  0.0000,  0.1063,  0.1246,
        -0.0338, -0.0109,  0.0000,  0.0905,  0.0000,  0.0000,  0.1326, -0.0000,
        -0.1122, -0.0000, -0.0000,  0.0000,  0.0174, -0.0000,  0.0000, -0.1215,
        -0.0000,  0.0000, -0.0000,  0.1213, -0.0000, -0.1208,  0.0000,  0.0000,
        -0.0009,  0.0000,  0.0000, -0.0000,  0.0379,  0.0000,  0.0297, -0.0000,
        -0.0861, -0.0060,  0.0466,  0.1084,  0.0887,  0.0000,  0.0000,  0.0000,
         0.0852,  0.0000,  0.0000,  0.0000, -0.0000, -0.0000,  0.1156, -0.0206,
        -0.0000, -0.0000, -0.0607,  0.0000, -0.0000,  0.0307,  0.0000,  0.0000,
        -0.0223,  0.1417,  0.1874,  0.0000, -0.0000,  0.0000, -0.0000, -0.0000,
        -0.1421,  0.0000,  0.0000,  0.0000, -0.0000,  0.0547,  0.0000, -0.0000,
         0.0000,  0.0000,  0.0000,  0.1181, -0.0570,  0.0000,  0.0774,  0.0000,
         0.0000, -0.0000,  0.0000,  0.0550, -0.0260,  0.0000,  0.0000, -0.0000,
         0.0207, -0.0000,  0.0000, -0.0000,  0.0240, -0.0000, -0.0000, -0.0000,
         0.0000,  0.0000, -0.0000,  0.0928, -0.0223,  0.0000, -0.0000,  0.1202,
         0.1839, -0.0000, -0.0567, -0.0000, -0.0000,  0.1899, -0.0000, -0.0000,
        -0.0000,  0.0690,  0.0000,  0.0000, -0.0000,  0.0000, -0.0000,  0.0000,
         0.0657,  0.0228,  0.0830,  0.0000, -0.0000,  0.0000, -0.0000,  0.0000],
       device='cuda:0')), ('fc3.weight', tensor([[-0.0000,  0.0000,  0.0000,  ...,  0.0000, -0.0164,  0.0000],
        [ 0.0000,  0.0000,  0.0827,  ...,  0.0000, -0.0876,  0.0000],
        [-0.0767, -0.0000, -0.0000,  ..., -0.0000,  0.0000,  0.0000],
        ...,
        [ 0.0452,  0.0294, -0.0000,  ...,  0.1163, -0.0000, -0.0000],
        [ 0.0000, -0.0000, -0.0000,  ..., -0.0000,  0.0000,  0.0000],
        [-0.0000, -0.0000, -0.0000,  ..., -0.0000,  0.0000,  0.0000]],
       device='cuda:0')), ('fc3.bias', tensor([ 0.0000, -0.0000, -0.0052, -0.0000,  0.0000, -0.0409,  0.0000,  0.0612,
        -0.0572, -0.0542, -0.0000, -0.0000,  0.0000, -0.0010, -0.0000, -0.0000,
         0.0000,  0.0000,  0.0000, -0.0176, -0.0000,  0.0000, -0.0041,  0.0000,
        -0.0000, -0.0000,  0.0654, -0.0000, -0.0000, -0.0000,  0.0000, -0.0000,
        -0.0000,  0.0000,  0.1281, -0.0308,  0.0000, -0.0000, -0.0000, -0.0000,
        -0.0120,  0.0000, -0.0000, -0.0000, -0.0000, -0.0722,  0.0000,  0.0000,
        -0.0000,  0.0000,  0.0000,  0.0000, -0.0000, -0.0000,  0.0318, -0.0000,
        -0.0746, -0.1044,  0.1664,  0.0435, -0.0000, -0.0000, -0.0521,  0.0000,
         0.0000, -0.0000, -0.0297, -0.0596, -0.0000,  0.0957,  0.0326,  0.2508,
         0.0000,  0.0296, -0.0000,  0.0000,  0.0000,  0.0309, -0.0000,  0.0000,
         0.0000,  0.0000,  0.1084, -0.0000,  0.1364,  0.0221, -0.0267, -0.0000,
         0.0000,  0.0000,  0.0000,  0.0041, -0.0000,  0.0000, -0.0465,  0.0000,
         0.0000, -0.0786,  0.0000, -0.0059,  0.1477, -0.0000,  0.0000,  0.0000,
        -0.0000, -0.0000,  0.0460, -0.0000, -0.0000,  0.0000,  0.0000,  0.0258,
        -0.0000,  0.0000,  0.0000,  0.0000, -0.0000, -0.0195,  0.1247, -0.0000,
        -0.0000, -0.0000, -0.0000, -0.0000,  0.0000,  0.0000,  0.0000,  0.0000],
       device='cuda:0')), ('fc4.weight', tensor([[-0.0000, -0.0000, -0.0000,  ..., -0.1917,  0.0000, -0.0000],
        [ 0.0000,  0.1607,  0.0000,  ...,  0.0000, -0.0000, -0.0000],
        [-0.0000, -0.1662,  0.0000,  ...,  0.0139,  0.0000,  0.0000],
        ...,
        [-0.0000,  0.0857,  0.0958,  ..., -0.1927, -0.0000,  0.0000],
        [ 0.0818, -0.0959,  0.0000,  ...,  0.0000,  0.0000,  0.0000],
        [ 0.0815,  0.0000, -0.1927,  ..., -0.0000, -0.0000, -0.0000]],
       device='cuda:0')), ('fc4.bias', tensor([ 0.0000, -0.0000, -0.0000, -0.0000,  0.0901, -0.0000,  0.0459, -0.0494,
         0.0000,  0.0000], device='cuda:0'))])