OrderedDict([('fc1.weight', tensor([[-0.0000, -0.0000, -0.0000,  ..., -0.0000, 0.0393, 0.0277],
        [0.0000, 0.0000, 0.0000,  ..., 0.0000, 0.0561, 0.0000],
        [0.0000, 0.0000, 0.0000,  ..., 0.0000, 0.0317, 0.0239],
        ...,
        [0.0000, 0.0000, 0.0000,  ..., 0.0000, 0.0000, 0.0000],
        [0.0000, 0.0000, 0.0000,  ..., 0.0000, 0.0126, 0.0000],
        [0.0000, 0.0000, 0.0437,  ..., 0.0461, 0.0000, 0.0000]],
       device='cuda:0')), ('fc1.bias', tensor([-0.0548, -0.0000, -0.0000, -0.0000,  0.0000,  0.0000,  0.0144, -0.0000,
        -0.0625,  0.0000, -0.0401, -0.0183, -0.0000,  0.0000, -0.0000, -0.0384,
        -0.0000, -0.0000, -0.0886, -0.0000, -0.0000, -0.0000, -0.0000,  0.0000,
        -0.0000, -0.0000,  0.0083, -0.0656, -0.0000,  0.0000, -0.0000,  0.0000,
        -0.0000, -0.0000, -0.0106, -0.0012, -0.0000, -0.0000, -0.0000,  0.0000,
        -0.0000,  0.0000, -0.0000, -0.0000,  0.0000,  0.0000, -0.0713, -0.0000,
        -0.0000, -0.0000,  0.0192, -0.0569,  0.0000, -0.0462, -0.0000, -0.0080,
        -0.0000, -0.0000, -0.0304, -0.0058, -0.0210,  0.0000, -0.0000, -0.0000,
         0.0000, -0.0000, -0.0000, -0.0280, -0.0000, -0.0000, -0.0000, -0.0078,
        -0.0000, -0.0000, -0.0000, -0.0614,  0.0000, -0.0000, -0.0000,  0.0332,
        -0.0000, -0.0265,  0.0000, -0.0000, -0.0165, -0.0000, -0.0585, -0.0000,
         0.0000,  0.0000, -0.0210, -0.0000, -0.0292, -0.0000, -0.0325, -0.0000,
        -0.0000, -0.0095, -0.0168, -0.0000,  0.0102, -0.0000, -0.0000, -0.0000,
         0.0000, -0.0000, -0.0000, -0.0000, -0.0000, -0.0290, -0.0231, -0.0000,
        -0.0000,  0.0000, -0.0000, -0.0000,  0.0000, -0.0000, -0.0000, -0.0000,
        -0.0000,  0.0000, -0.0000, -0.0000, -0.0000, -0.0053, -0.0000, -0.0000,
        -0.0000, -0.0000, -0.0000, -0.0113, -0.0000, -0.0000, -0.0432, -0.0000,
        -0.0590, -0.0000, -0.0000, -0.0000, -0.0000, -0.0870, -0.0000, -0.0254,
        -0.0790, -0.0489, -0.0000, -0.0000,  0.0000, -0.0000, -0.0494, -0.0000,
         0.0028, -0.0000, -0.0000, -0.0000, -0.0702, -0.0500, -0.0000, -0.0000,
        -0.0000, -0.0000,  0.0000, -0.0096, -0.0000, -0.0574, -0.0000, -0.0000,
        -0.0146, -0.0000, -0.0000, -0.0154, -0.0000, -0.0000, -0.0000, -0.0215,
        -0.0156,  0.0000, -0.0000, -0.0000,  0.0000, -0.0000, -0.0000, -0.0000,
         0.0000, -0.0000, -0.0000, -0.0000, -0.0000, -0.0000, -0.0000, -0.0068,
        -0.0000,  0.0029, -0.0000,  0.0000, -0.0000, -0.0514, -0.0247,  0.0000,
        -0.0000, -0.0000, -0.0000, -0.0363, -0.0000, -0.0000,  0.0219, -0.0000,
        -0.0000, -0.0000, -0.0000, -0.0000, -0.0519, -0.0000,  0.0000, -0.0243,
         0.0166, -0.0000,  0.0000, -0.0000, -0.0000, -0.0000,  0.0000, -0.0000,
        -0.0000,  0.0000, -0.0000, -0.0000, -0.0635, -0.0000, -0.0000,  0.0000,
         0.0000, -0.0000,  0.0000,  0.0000, -0.0000, -0.0140, -0.0000, -0.0348,
        -0.0315, -0.0496, -0.0000,  0.0000,  0.0000, -0.0000, -0.0000, -0.0000,
        -0.0818, -0.0000, -0.0000,  0.0000, -0.0027, -0.0000, -0.0000, -0.0000,
         0.0039, -0.0424,  0.0000, -0.0000, -0.0000, -0.0259, -0.0000, -0.0520,
         0.0000, -0.0244, -0.0624, -0.0000,  0.0000, -0.0536, -0.0000, -0.0000,
        -0.0325,  0.0000, -0.0000, -0.0000, -0.0000, -0.0303, -0.0718, -0.0000,
         0.0000, -0.0000, -0.0054, -0.0000, -0.0035, -0.0000, -0.0000, -0.0000,
        -0.0000, -0.0000, -0.0000, -0.0334, -0.0000, -0.0038, -0.0000, -0.0000,
        -0.0382,  0.0000, -0.0441,  0.0000, -0.0000, -0.0489, -0.0742,  0.0000,
        -0.0000, -0.0000, -0.0000, -0.0000, -0.0000, -0.0000, -0.0000, -0.0000,
         0.0000, -0.0000, -0.0322, -0.0148, -0.0153, -0.0560,  0.0106,  0.0000,
        -0.0000, -0.0000, -0.0432, -0.0554, -0.0030, -0.0000,  0.0000, -0.0000,
        -0.0000, -0.0404, -0.0307, -0.0000, -0.0123,  0.0000, -0.0000, -0.0150,
         0.0000, -0.0463, -0.0529,  0.0000,  0.0042, -0.0320,  0.0000, -0.0000,
        -0.0000, -0.0000, -0.0000, -0.0000,  0.0578, -0.0000, -0.0000, -0.0417,
        -0.0000, -0.0514, -0.0370, -0.0000, -0.0000, -0.0000, -0.0000, -0.0000,
        -0.0000, -0.0000, -0.0000, -0.0000, -0.0000,  0.0043, -0.0220, -0.0000,
         0.0000, -0.0000, -0.0000,  0.0176, -0.0000, -0.0000, -0.0379, -0.0000,
        -0.0000,  0.0051, -0.0000,  0.0000, -0.0240,  0.0000, -0.0000, -0.0000,
        -0.0000,  0.0000, -0.0476,  0.0076, -0.0000, -0.0073,  0.0000,  0.0131,
        -0.0000, -0.0000, -0.0535, -0.0347,  0.0062, -0.0625, -0.0627, -0.0000,
        -0.0323,  0.0000,  0.0000, -0.0391, -0.0853, -0.0651,  0.0000,  0.0000,
        -0.0000, -0.0000, -0.0281, -0.0000, -0.0000, -0.0000, -0.0000, -0.0000,
        -0.0000, -0.0577, -0.0185,  0.0000, -0.0178,  0.0000, -0.0229, -0.0000,
        -0.0000,  0.0000,  0.0000, -0.0000, -0.0000, -0.0000, -0.0075, -0.0259,
        -0.0000, -0.0000, -0.0000, -0.0000, -0.0000, -0.0000, -0.0000, -0.0501,
         0.0000, -0.0000, -0.0000, -0.0000, -0.0000, -0.0000, -0.0108, -0.0000,
        -0.0000, -0.0000, -0.0000, -0.0000, -0.0000, -0.0000, -0.0000, -0.0443,
        -0.0794, -0.0000,  0.0000, -0.0000, -0.0000, -0.0573, -0.0499,  0.0000,
        -0.0000, -0.0438, -0.0000, -0.0000,  0.0000, -0.0000, -0.0000,  0.0108,
        -0.0238, -0.0000, -0.0000, -0.0000, -0.0000, -0.0000, -0.0000,  0.0152,
        -0.0635, -0.0000, -0.0000, -0.0000, -0.0534, -0.0000, -0.0000, -0.0276,
        -0.0000, -0.0364, -0.0161,  0.0000, -0.0197, -0.0000, -0.0000, -0.0000,
        -0.0698, -0.0000, -0.0000, -0.0000, -0.0000, -0.0292,  0.0008, -0.0000,
         0.0000,  0.0000, -0.0006, -0.0563, -0.0000, -0.0548, -0.0000, -0.0000],
       device='cuda:0')), ('fc2.weight', tensor([[-1.4757e-01, -0.0000e+00,  0.0000e+00,  ..., -0.0000e+00,
         -2.7185e-02, -0.0000e+00],
        [-0.0000e+00,  4.5783e-02,  0.0000e+00,  ..., -0.0000e+00,
          0.0000e+00, -0.0000e+00],
        [-0.0000e+00, -0.0000e+00,  0.0000e+00,  ..., -0.0000e+00,
          0.0000e+00,  0.0000e+00],
        ...,
        [-0.0000e+00,  0.0000e+00, -0.0000e+00,  ..., -3.5545e-02,
         -5.3111e-06,  0.0000e+00],
        [-0.0000e+00,  0.0000e+00,  0.0000e+00,  ...,  0.0000e+00,
         -0.0000e+00,  5.2256e-03],
        [-0.0000e+00,  0.0000e+00, -0.0000e+00,  ...,  0.0000e+00,
          0.0000e+00,  0.0000e+00]], device='cuda:0')), ('fc2.bias', tensor([-0.0000, -0.0000, -0.0000,  0.0000, -0.0000,  0.1112, -0.0000, -0.0538,
        -0.0000, -0.0000, -0.0563,  0.0000, -0.0000, -0.0000,  0.0000, -0.0437,
        -0.0000,  0.0000, -0.0000, -0.0000, -0.0000,  0.1266, -0.0000, -0.0000,
        -0.0000,  0.0000,  0.0000,  0.0000, -0.0000, -0.0000,  0.0000,  0.1553,
        -0.0000,  0.0000,  0.1309, -0.0000, -0.0982, -0.0179, -0.0273,  0.0000,
         0.2251,  0.0000,  0.2531, -0.0000,  0.0234, -0.0427, -0.0000,  0.0000,
         0.0000,  0.0000,  0.0000, -0.0000, -0.0000, -0.0000, -0.0000,  0.0000,
        -0.0000, -0.0000,  0.0000,  0.0000, -0.0792, -0.0000, -0.0000,  0.0649,
        -0.0000,  0.0545,  0.0000,  0.0000,  0.2503, -0.0000, -0.0859,  0.0000,
        -0.0000,  0.0000,  0.1815, -0.0000,  0.2162, -0.0000, -0.0000, -0.1223,
         0.0000, -0.0000, -0.0000, -0.0000,  0.0116, -0.0000, -0.0000, -0.1082,
        -0.0655, -0.0299,  0.0000,  0.1756, -0.0000,  0.0000, -0.0000,  0.0000,
        -0.0000, -0.0664,  0.0964,  0.0000,  0.0000,  0.0000, -0.0000,  0.0000,
         0.0000, -0.0000,  0.0000,  0.0000, -0.0000, -0.0000,  0.0000,  0.0000,
         0.0000, -0.0000, -0.0000,  0.0096, -0.0000, -0.0000,  0.0000, -0.0000,
         0.2284, -0.0000, -0.0000,  0.0000, -0.0000, -0.0000,  0.1182,  0.1286,
        -0.0447, -0.0408, -0.0000,  0.1266,  0.0000,  0.0000,  0.1737, -0.0000,
        -0.1683, -0.0000,  0.0000,  0.0000, -0.0020, -0.0000,  0.0000, -0.1431,
        -0.0000,  0.0000, -0.0000,  0.1061, -0.0000, -0.1395,  0.0000,  0.0000,
        -0.0192,  0.0000,  0.0000, -0.0000,  0.0459,  0.0000,  0.0336, -0.0000,
        -0.0861,  0.0179,  0.0648,  0.1202,  0.0943,  0.0000,  0.0000, -0.0000,
         0.0841, -0.0000,  0.0000,  0.0000, -0.0000, -0.0000,  0.1868, -0.0592,
        -0.0000, -0.0000, -0.0860, -0.0000, -0.0000,  0.0016,  0.0000, -0.0000,
        -0.0540,  0.1534,  0.2177, -0.0000, -0.0000,  0.0000, -0.0000, -0.0000,
        -0.1815,  0.0000,  0.0000, -0.0000, -0.0000,  0.0636, -0.0000, -0.0000,
         0.0000,  0.0000, -0.0000,  0.1781, -0.0961, -0.0000,  0.0622,  0.0000,
        -0.0000, -0.0000,  0.0000,  0.0623, -0.0267,  0.0000,  0.0000,  0.0000,
         0.0042, -0.0000, -0.0000,  0.0000,  0.0382,  0.0000, -0.0000, -0.0000,
         0.0000,  0.0000, -0.0000,  0.0841, -0.0399, -0.0000,  0.0000,  0.1323,
         0.2143, -0.0000, -0.1038,  0.0000,  0.0000,  0.2313, -0.0000, -0.0000,
        -0.0000,  0.0645, -0.0000,  0.0000, -0.0000, -0.0000, -0.0000,  0.0000,
         0.0675, -0.0010,  0.1139,  0.0000, -0.0000, -0.0000, -0.0000, -0.0000],
       device='cuda:0')), ('fc3.weight', tensor([[-0.0000,  0.0000,  0.0000,  ...,  0.0000, -0.0155, -0.0000],
        [ 0.0000, -0.0000,  0.0935,  ..., -0.0000, -0.0755,  0.0000],
        [-0.0683, -0.0000, -0.0000,  ..., -0.0000,  0.0000,  0.0000],
        ...,
        [ 0.0414,  0.0475,  0.0000,  ...,  0.1248, -0.0000, -0.0000],
        [-0.0000,  0.0000,  0.0000,  ..., -0.0000,  0.0000,  0.0000],
        [-0.0000,  0.0000, -0.0000,  ...,  0.0000, -0.0000,  0.0000]],
       device='cuda:0')), ('fc3.bias', tensor([ 0.0000, -0.0000, -0.0078,  0.0000,  0.0000, -0.0728,  0.0000,  0.0851,
        -0.0598, -0.0741, -0.0000, -0.0000,  0.0000, -0.0082, -0.0000, -0.0000,
         0.0000,  0.0000,  0.0000, -0.0006,  0.0000,  0.0000, -0.0104,  0.0000,
         0.0000, -0.0000,  0.0634,  0.0000, -0.0000, -0.0000,  0.0000, -0.0000,
        -0.0000, -0.0000,  0.1608, -0.0155,  0.0000, -0.0000, -0.0000,  0.0000,
        -0.0125,  0.0000, -0.0000, -0.0000, -0.0000, -0.0888,  0.0000,  0.0000,
        -0.0000,  0.0000,  0.0000,  0.0000, -0.0000, -0.0000,  0.0043, -0.0000,
        -0.0746, -0.1044,  0.2573,  0.0315,  0.0000, -0.0000, -0.0847, -0.0000,
         0.0000, -0.0000, -0.0299, -0.0733, -0.0000,  0.1037,  0.0545,  0.3165,
        -0.0000,  0.0020, -0.0000,  0.0000, -0.0000,  0.0533, -0.0000,  0.0000,
        -0.0000, -0.0000,  0.1141, -0.0000,  0.1606,  0.0188, -0.0223, -0.0000,
         0.0000, -0.0000,  0.0000, -0.0011, -0.0000, -0.0000, -0.0465,  0.0000,
        -0.0000, -0.0786,  0.0000, -0.0256,  0.1525, -0.0000, -0.0000,  0.0000,
        -0.0000, -0.0000,  0.0346, -0.0000, -0.0000, -0.0000,  0.0000, -0.0040,
        -0.0000,  0.0000,  0.0000,  0.0000, -0.0000, -0.0284,  0.1410, -0.0000,
        -0.0000, -0.0000, -0.0000, -0.0000,  0.0000,  0.0000,  0.0000,  0.0000],
       device='cuda:0')), ('fc4.weight', tensor([[-0.0000, -0.0000, -0.0000,  ..., -0.2046, -0.0000, -0.0000],
        [ 0.0000,  0.1686,  0.0000,  ...,  0.0000,  0.0000,  0.0000],
        [-0.0000, -0.2139,  0.0000,  ..., -0.0120, -0.0000,  0.0000],
        ...,
        [-0.0000,  0.0960,  0.0973,  ..., -0.2086,  0.0000,  0.0000],
        [ 0.0945, -0.1028,  0.0000,  ...,  0.0000,  0.0000,  0.0000],
        [ 0.0832,  0.0000, -0.2131,  ..., -0.0000, -0.0000,  0.0000]],
       device='cuda:0')), ('fc4.bias', tensor([-0.0000, -0.0000,  0.0000, -0.0000,  0.1097, -0.0000,  0.0306, -0.0821,
         0.0000,  0.0000], device='cuda:0'))])