OrderedDict([('fc1.weight', tensor([[ 0.0000, -0.0000,  0.0000,  ..., -0.0077, -0.0000,  0.0000],
        [-0.0000, -0.0000, -0.0000,  ..., -0.0000, -0.0000,  0.0000],
        [-0.0000,  0.0000,  0.0174,  ..., -0.0003,  0.0000,  0.0065],
        ...,
        [-0.0003, -0.0000,  0.0000,  ...,  0.0000,  0.0000,  0.0000],
        [-0.0000,  0.0174,  0.0000,  ...,  0.0238,  0.0000, -0.0000],
        [ 0.0265, -0.0000, -0.0000,  ...,  0.0000, -0.0000,  0.0000]],
       device='cuda:0')), ('fc1.bias', tensor([ 0.0000, -0.0000, -0.0193,  0.0317, -0.0165, -0.0000, -0.0000,  0.0041,
        -0.0000, -0.0000, -0.0000,  0.0000,  0.0000, -0.0350, -0.0000, -0.0294,
         0.0000,  0.0122, -0.0000,  0.0000, -0.0111,  0.0000,  0.0000, -0.0000,
        -0.0166,  0.0000,  0.0152, -0.0000,  0.0000, -0.0000, -0.0000, -0.0187,
        -0.0000,  0.0000,  0.0000, -0.0000, -0.0000, -0.0000, -0.0303,  0.0311,
         0.0000, -0.0000, -0.0000,  0.0000, -0.0000, -0.0000,  0.0000, -0.0104,
        -0.0000, -0.0100,  0.0000,  0.0000,  0.0000,  0.0000,  0.0000,  0.0000,
         0.0000,  0.0000,  0.0154,  0.0000, -0.0000, -0.0010,  0.0221,  0.0000,
         0.0000, -0.0000,  0.0039, -0.0000,  0.0040,  0.0000,  0.0000, -0.0000,
        -0.0000, -0.0000,  0.0329, -0.0284,  0.0000, -0.0000, -0.0225,  0.0000,
        -0.0000,  0.0000,  0.0000, -0.0084, -0.0239, -0.0000, -0.0000, -0.0000,
         0.0000, -0.0000, -0.0000,  0.0129,  0.0000, -0.0000, -0.0206, -0.0000,
        -0.0000, -0.0000,  0.0134, -0.0000,  0.0000, -0.0000,  0.0000,  0.0000,
        -0.0000,  0.0000,  0.0000,  0.0000, -0.0000, -0.0125, -0.0000, -0.0000,
        -0.0000,  0.0000, -0.0025,  0.0000, -0.0000,  0.0000,  0.0000, -0.0088,
        -0.0000, -0.0000,  0.0000, -0.0000, -0.0000, -0.0101,  0.0000,  0.0000,
        -0.0000, -0.0000, -0.0000,  0.0000,  0.0000, -0.0000, -0.0089, -0.0000,
         0.0169,  0.0000, -0.0000, -0.0123,  0.0297,  0.0000,  0.0000,  0.0000,
        -0.0314, -0.0000,  0.0322,  0.0000, -0.0000,  0.0000, -0.0000, -0.0000,
         0.0346, -0.0000, -0.0000, -0.0000,  0.0063,  0.0000, -0.0000, -0.0202,
        -0.0000,  0.0248, -0.0000,  0.0356,  0.0000, -0.0000, -0.0000, -0.0122,
         0.0000,  0.0000, -0.0000,  0.0000,  0.0000,  0.0345,  0.0000,  0.0000,
        -0.0090,  0.0333, -0.0000,  0.0000,  0.0000,  0.0237, -0.0000, -0.0127,
        -0.0000, -0.0000,  0.0000, -0.0000, -0.0250, -0.0000, -0.0000,  0.0000,
         0.0000, -0.0000, -0.0000,  0.0000,  0.0000, -0.0000,  0.0000, -0.0000,
        -0.0000,  0.0000, -0.0067, -0.0014,  0.0000,  0.0000, -0.0065,  0.0000,
         0.0126,  0.0000, -0.0280, -0.0281, -0.0000, -0.0000, -0.0000, -0.0000,
        -0.0000,  0.0000,  0.0083, -0.0037,  0.0000,  0.0000, -0.0256, -0.0000,
        -0.0230, -0.0000,  0.0307,  0.0000,  0.0000,  0.0000,  0.0000,  0.0282,
         0.0000,  0.0211,  0.0000, -0.0000, -0.0065,  0.0000, -0.0000,  0.0220,
        -0.0000, -0.0000, -0.0000,  0.0000,  0.0000,  0.0000, -0.0000,  0.0041,
         0.0000,  0.0000, -0.0179, -0.0000,  0.0151,  0.0000, -0.0252, -0.0122,
         0.0000,  0.0000,  0.0000, -0.0340,  0.0000, -0.0000,  0.0206, -0.0000,
         0.0000, -0.0000, -0.0254,  0.0000,  0.0356, -0.0242, -0.0000,  0.0000,
        -0.0000,  0.0000, -0.0022,  0.0005, -0.0000,  0.0000, -0.0000,  0.0000,
        -0.0000, -0.0000, -0.0000, -0.0000, -0.0000,  0.0000,  0.0064, -0.0000,
        -0.0000,  0.0040, -0.0109, -0.0163,  0.0104,  0.0000,  0.0218, -0.0000,
        -0.0000, -0.0189,  0.0000,  0.0000,  0.0000, -0.0294, -0.0228, -0.0000,
        -0.0000,  0.0000,  0.0000,  0.0000,  0.0144,  0.0123,  0.0173, -0.0000,
        -0.0000,  0.0000, -0.0128,  0.0000, -0.0038,  0.0000,  0.0217, -0.0355,
        -0.0024, -0.0000, -0.0000,  0.0000,  0.0302, -0.0000,  0.0000,  0.0000,
        -0.0155, -0.0000, -0.0125,  0.0190,  0.0210,  0.0201,  0.0168, -0.0209,
        -0.0000, -0.0126, -0.0000,  0.0247, -0.0233, -0.0078, -0.0000, -0.0000,
        -0.0000, -0.0000,  0.0000,  0.0000, -0.0009,  0.0339,  0.0164,  0.0186,
        -0.0000, -0.0343, -0.0000, -0.0000, -0.0000,  0.0000,  0.0182, -0.0000,
         0.0000,  0.0000, -0.0134,  0.0000,  0.0021, -0.0000,  0.0000,  0.0000,
         0.0000, -0.0000,  0.0000,  0.0000, -0.0000,  0.0000,  0.0000,  0.0299,
         0.0010,  0.0217, -0.0070, -0.0330,  0.0000,  0.0000,  0.0190, -0.0000,
         0.0000,  0.0000,  0.0000, -0.0000,  0.0000, -0.0000,  0.0000,  0.0000,
         0.0000, -0.0000,  0.0169,  0.0039,  0.0000,  0.0000,  0.0000,  0.0029,
        -0.0348, -0.0297, -0.0000, -0.0305, -0.0000,  0.0000,  0.0000, -0.0000,
         0.0000,  0.0000, -0.0000, -0.0000, -0.0000, -0.0267,  0.0000, -0.0238,
        -0.0000,  0.0279,  0.0266,  0.0184,  0.0140, -0.0034, -0.0095,  0.0000,
         0.0000,  0.0000,  0.0000, -0.0000,  0.0000,  0.0000,  0.0000,  0.0000,
        -0.0351,  0.0000, -0.0261,  0.0000, -0.0000,  0.0000,  0.0000, -0.0000,
         0.0307,  0.0000,  0.0219,  0.0000, -0.0046, -0.0000, -0.0000,  0.0034,
         0.0314,  0.0000,  0.0000, -0.0000, -0.0208,  0.0000,  0.0269, -0.0000,
        -0.0000, -0.0102, -0.0000, -0.0000, -0.0000,  0.0000,  0.0000, -0.0059,
         0.0000, -0.0000,  0.0000, -0.0000, -0.0000, -0.0002, -0.0267,  0.0000,
         0.0000, -0.0000,  0.0025, -0.0070, -0.0000,  0.0229, -0.0000, -0.0000,
         0.0000,  0.0000,  0.0000, -0.0000,  0.0000,  0.0000,  0.0000,  0.0000,
         0.0000, -0.0000, -0.0000, -0.0000, -0.0000, -0.0000,  0.0000, -0.0289,
         0.0000, -0.0000,  0.0000,  0.0000, -0.0000, -0.0191,  0.0000, -0.0000,
        -0.0058,  0.0230, -0.0000, -0.0000,  0.0000, -0.0000,  0.0000, -0.0000],
       device='cuda:0')), ('fc2.weight', tensor([[-0.0000,  0.0000,  0.0000,  ..., -0.0000, -0.0000, -0.0000],
        [ 0.0000,  0.0000, -0.0000,  ...,  0.0000, -0.0000, -0.0000],
        [-0.0000,  0.0329,  0.0000,  ...,  0.0000, -0.0000,  0.0000],
        ...,
        [ 0.0000, -0.0386,  0.0298,  ...,  0.0000, -0.0361, -0.0369],
        [ 0.0000,  0.0258, -0.0233,  ..., -0.0000, -0.0434, -0.0387],
        [ 0.0000, -0.0000, -0.0000,  ...,  0.0000,  0.0314,  0.0000]],
       device='cuda:0')), ('fc2.bias', tensor([ 0.0000,  0.0000,  0.0000,  0.0000, -0.0235,  0.0000,  0.0065, -0.0000,
        -0.0000, -0.0000,  0.0098, -0.0000,  0.0439,  0.0000, -0.0000, -0.0000,
         0.0000, -0.0000,  0.0000, -0.0000,  0.0000, -0.0000, -0.0275, -0.0000,
         0.0000,  0.0000,  0.0000,  0.0225, -0.0000,  0.0000,  0.0340,  0.0000,
         0.0000, -0.0000, -0.0000,  0.0015,  0.0413, -0.0315,  0.0000, -0.0414,
        -0.0000, -0.0000, -0.0000,  0.0029, -0.0000,  0.0000, -0.0000,  0.0323,
         0.0000,  0.0000, -0.0000,  0.0000,  0.0000,  0.0000, -0.0333, -0.0266,
         0.0000,  0.0000, -0.0146,  0.0031, -0.0287, -0.0000, -0.0000, -0.0195,
        -0.0000,  0.0269,  0.0000, -0.0000, -0.0035, -0.0084,  0.0000, -0.0215,
         0.0000, -0.0000, -0.0029,  0.0000, -0.0000, -0.0000, -0.0390, -0.0000,
        -0.0000, -0.0000, -0.0086,  0.0000, -0.0000,  0.0000, -0.0000,  0.0202,
         0.0000,  0.0079, -0.0000,  0.0000,  0.0250, -0.0000, -0.0000,  0.0000,
        -0.0322, -0.0000, -0.0000, -0.0009, -0.0052, -0.0000, -0.0000,  0.0000,
        -0.0036,  0.0000, -0.0000, -0.0000,  0.0000, -0.0000, -0.0000,  0.0000,
        -0.0000, -0.0000,  0.0000,  0.0000, -0.0232,  0.0099,  0.0067, -0.0000,
         0.0000, -0.0182, -0.0000,  0.0118,  0.0159,  0.0000, -0.0000, -0.0000,
         0.0262,  0.0000,  0.0000, -0.0362, -0.0213,  0.0000, -0.0000, -0.0000,
        -0.0000, -0.0000, -0.0000,  0.0279, -0.0437,  0.0339, -0.0000,  0.0057,
         0.0132,  0.0000, -0.0000,  0.0000,  0.0000, -0.0279, -0.0000, -0.0388,
         0.0000,  0.0156, -0.0000,  0.0000,  0.0120,  0.0000, -0.0000,  0.0000,
         0.0031,  0.0000,  0.0000, -0.0000, -0.0433,  0.0000, -0.0000, -0.0000,
         0.0000,  0.0000,  0.0000, -0.0094,  0.0000, -0.0000, -0.0000, -0.0000,
        -0.0000, -0.0000, -0.0000,  0.0000,  0.0000,  0.0000,  0.0000,  0.0000,
        -0.0000, -0.0000,  0.0000,  0.0000,  0.0000, -0.0000,  0.0000, -0.0000,
         0.0000, -0.0000,  0.0000, -0.0358,  0.0000,  0.0000, -0.0017, -0.0000,
         0.0000, -0.0310,  0.0044, -0.0000, -0.0018,  0.0000,  0.0000,  0.0000,
        -0.0000, -0.0184, -0.0000,  0.0190,  0.0000, -0.0238, -0.0000,  0.0131,
        -0.0000,  0.0000,  0.0000, -0.0000,  0.0334, -0.0000,  0.0000,  0.0000,
         0.0309,  0.0000, -0.0188,  0.0412, -0.0340, -0.0000,  0.0137,  0.0000,
         0.0000,  0.0000,  0.0000,  0.0000,  0.0000,  0.0267, -0.0106, -0.0114,
         0.0000, -0.0288, -0.0000,  0.0000,  0.0000, -0.0000,  0.0028,  0.0000,
        -0.0000, -0.0000,  0.0054,  0.0000,  0.0000,  0.0000, -0.0261,  0.0141],
       device='cuda:0')), ('fc3.weight', tensor([[ 0.0000,  0.0185, -0.0357,  ...,  0.0000,  0.0000, -0.0122],
        [-0.0279, -0.0000,  0.0179,  ...,  0.0000,  0.0512,  0.0614],
        [-0.0000, -0.0315, -0.0000,  ..., -0.0000, -0.0000, -0.0028],
        ...,
        [ 0.0000,  0.0000,  0.0000,  ...,  0.0000, -0.0000,  0.0000],
        [ 0.0000,  0.0000,  0.0000,  ...,  0.0396, -0.0000, -0.0000],
        [ 0.0000, -0.0000, -0.0000,  ...,  0.0000, -0.0000, -0.0000]],
       device='cuda:0')), ('fc3.bias', tensor([-0.0000, -0.0000,  0.0000,  0.0000,  0.0184,  0.0000,  0.0000,  0.0000,
         0.0000,  0.0384,  0.0081, -0.0358,  0.0000, -0.0000, -0.0000,  0.0000,
         0.0444,  0.0000, -0.0000,  0.0000, -0.0000,  0.0000, -0.0482, -0.0000,
         0.0000, -0.0527,  0.0302,  0.0000, -0.0477,  0.0000, -0.0000, -0.0000,
         0.0449,  0.0508,  0.0000,  0.0000, -0.0575, -0.0000, -0.0264, -0.0111,
        -0.0000,  0.0000,  0.0000,  0.0622,  0.0000,  0.0000,  0.0000,  0.0000,
         0.0000,  0.0000,  0.0000, -0.0000,  0.0020,  0.0220, -0.0000,  0.0000,
        -0.0000, -0.0000,  0.0389,  0.0000,  0.0000, -0.0000,  0.0000,  0.0000,
         0.0000,  0.0000,  0.0000,  0.0000, -0.0000,  0.0000,  0.0280,  0.0000,
         0.0000,  0.0473,  0.0000, -0.0000, -0.0000,  0.0000, -0.0366,  0.0000,
        -0.0000, -0.0120, -0.0108,  0.0055,  0.0000, -0.0000, -0.0000, -0.0000,
         0.0425,  0.0000, -0.0000, -0.0030, -0.0458,  0.0000, -0.0000,  0.0000,
         0.0606,  0.0037, -0.0000,  0.0000,  0.0000, -0.0579,  0.0000,  0.0000,
        -0.0000, -0.0000,  0.0000, -0.0000, -0.0000,  0.0621, -0.0000, -0.0000,
        -0.0000, -0.0000,  0.0202, -0.0016,  0.0000,  0.0000, -0.0000,  0.0000,
         0.0511,  0.0000,  0.0037,  0.0000,  0.0513,  0.0013,  0.0135, -0.0229],
       device='cuda:0')), ('fc4.weight', tensor([[-0.0000, -0.0000, -0.0106,  ..., -0.0621, -0.0000, -0.0000],
        [ 0.0000, -0.0000,  0.0000,  ...,  0.0848,  0.0000, -0.0000],
        [ 0.0000,  0.0000,  0.0000,  ...,  0.0000, -0.0534, -0.0000],
        ...,
        [-0.0000,  0.0384, -0.0032,  ..., -0.0000,  0.0000, -0.0248],
        [-0.0000,  0.0534,  0.0000,  ..., -0.0000, -0.0061, -0.0527],
        [ 0.0000,  0.0000, -0.0000,  ..., -0.0000,  0.0000, -0.0000]],
       device='cuda:0')), ('fc4.bias', tensor([ 0.0067, -0.0000, -0.0000,  0.0000, -0.0000, -0.0256,  0.0000,  0.0400,
         0.0000, -0.0000], device='cuda:0'))])