OrderedDict([('fc1.weight', tensor([[0.0000, 0.0000, 0.0000,  ..., 0.0000, 0.0638, 0.0522],
        [0.0000, 0.0000, 0.0000,  ..., 0.0000, 0.0741, 0.0000],
        [-0.0000, -0.0000, -0.0000,  ..., -0.0000, 0.0285, 0.0207],
        ...,
        [0.0000, 0.0000, 0.0000,  ..., 0.0000, 0.0000, 0.0000],
        [0.0000, 0.0000, 0.0000,  ..., 0.0000, 0.0126, 0.0000],
        [0.0000, 0.0000, 0.0563,  ..., 0.0586, 0.0000, 0.0000]],
       device='cuda:0')), ('fc1.bias', tensor([-0.0793, -0.0000,  0.0000, -0.0000, -0.0000,  0.0000,  0.0016,  0.0000,
        -0.0742,  0.0000, -0.0468, -0.0308,  0.0000, -0.0000,  0.0000, -0.0430,
        -0.0000,  0.0000, -0.1157, -0.0000, -0.0000, -0.0000, -0.0000, -0.0000,
         0.0000, -0.0000, -0.0034, -0.0909, -0.0000,  0.0000, -0.0000,  0.0000,
        -0.0000,  0.0000, -0.0223, -0.0013, -0.0000, -0.0000, -0.0000, -0.0000,
        -0.0000,  0.0000,  0.0000, -0.0000, -0.0000, -0.0000, -0.0894,  0.0000,
        -0.0000, -0.0000,  0.0024, -0.0569,  0.0000, -0.0496, -0.0000, -0.0157,
        -0.0000, -0.0000, -0.0524, -0.0505, -0.0199,  0.0000,  0.0000, -0.0000,
        -0.0000, -0.0000, -0.0000, -0.0435,  0.0000, -0.0000, -0.0000, -0.0140,
         0.0000,  0.0000,  0.0000, -0.0658, -0.0000, -0.0000,  0.0000,  0.0275,
         0.0000, -0.0745, -0.0000, -0.0000, -0.0327, -0.0000, -0.0604,  0.0000,
        -0.0000,  0.0000, -0.0193, -0.0000, -0.0440, -0.0000, -0.0400,  0.0000,
        -0.0000, -0.0293, -0.0376, -0.0000,  0.0021, -0.0000, -0.0000, -0.0000,
         0.0000, -0.0000, -0.0000, -0.0000, -0.0000, -0.0567, -0.0349, -0.0000,
         0.0000,  0.0000,  0.0000, -0.0000, -0.0000, -0.0000, -0.0000, -0.0000,
        -0.0000,  0.0000,  0.0000,  0.0000, -0.0000,  0.0006, -0.0000,  0.0000,
        -0.0000, -0.0000, -0.0000,  0.0077,  0.0000, -0.0000, -0.0673, -0.0000,
        -0.1011,  0.0000, -0.0000, -0.0000,  0.0000, -0.1031,  0.0000, -0.0395,
        -0.0970, -0.0579, -0.0000, -0.0000, -0.0000, -0.0000, -0.0537, -0.0000,
        -0.0039,  0.0000, -0.0000, -0.0000, -0.0723, -0.0738,  0.0000, -0.0000,
        -0.0000, -0.0000, -0.0000, -0.0291, -0.0000, -0.0595, -0.0000, -0.0000,
        -0.0422, -0.0000, -0.0000, -0.0154, -0.0000, -0.0000,  0.0000, -0.0501,
        -0.0121, -0.0000,  0.0000, -0.0000, -0.0000,  0.0000, -0.0000, -0.0000,
        -0.0000,  0.0000, -0.0000, -0.0000, -0.0000, -0.0000, -0.0000, -0.0048,
        -0.0000, -0.0222, -0.0000, -0.0000, -0.0000, -0.0493, -0.0386, -0.0000,
        -0.0000, -0.0000, -0.0000, -0.0534,  0.0000, -0.0000,  0.0056, -0.0000,
         0.0000, -0.0000, -0.0000, -0.0000, -0.0630, -0.0000, -0.0000, -0.0487,
         0.0166, -0.0000, -0.0000,  0.0000, -0.0000, -0.0000, -0.0000,  0.0000,
        -0.0000, -0.0000, -0.0000, -0.0000, -0.0766,  0.0000,  0.0000, -0.0000,
        -0.0000,  0.0000, -0.0000,  0.0000, -0.0000, -0.0140, -0.0000, -0.0442,
        -0.0451, -0.0725, -0.0000, -0.0000, -0.0000,  0.0000, -0.0000,  0.0000,
        -0.0945, -0.0000,  0.0000, -0.0000, -0.0106, -0.0000,  0.0000, -0.0000,
        -0.0322, -0.0583, -0.0000, -0.0000, -0.0000, -0.0503, -0.0000, -0.0532,
        -0.0000, -0.0320, -0.0508, -0.0000,  0.0000, -0.0570, -0.0000,  0.0000,
        -0.0647,  0.0000, -0.0000, -0.0000,  0.0000, -0.0606, -0.1016, -0.0000,
        -0.0000, -0.0000, -0.0036, -0.0000, -0.0042, -0.0000, -0.0000, -0.0000,
        -0.0000,  0.0000,  0.0000, -0.0432,  0.0000, -0.0016, -0.0000, -0.0000,
        -0.0538, -0.0000, -0.0500, -0.0000, -0.0000, -0.0537, -0.0915, -0.0000,
        -0.0000, -0.0000, -0.0000,  0.0000, -0.0000, -0.0000, -0.0000, -0.0000,
        -0.0000,  0.0000, -0.0461, -0.0024, -0.0178, -0.0741,  0.0002,  0.0000,
        -0.0000, -0.0000, -0.0724, -0.0795, -0.0146, -0.0000, -0.0000,  0.0000,
        -0.0000, -0.0567, -0.0508, -0.0000, -0.0128,  0.0000, -0.0000, -0.0250,
         0.0000, -0.0498, -0.1030,  0.0000,  0.0055, -0.0635, -0.0000,  0.0000,
        -0.0000,  0.0000,  0.0000,  0.0000,  0.0483, -0.0000,  0.0000, -0.0510,
        -0.0000, -0.0388, -0.0358, -0.0000, -0.0000, -0.0000, -0.0000, -0.0000,
        -0.0000, -0.0000, -0.0000, -0.0000, -0.0000,  0.0030, -0.0378,  0.0000,
         0.0000,  0.0000, -0.0000,  0.0042, -0.0000, -0.0000, -0.0504, -0.0000,
        -0.0000,  0.0019, -0.0000, -0.0000, -0.0384, -0.0000, -0.0000,  0.0000,
        -0.0000,  0.0000, -0.0715, -0.0020, -0.0000, -0.0205, -0.0000, -0.0319,
         0.0000,  0.0000, -0.0763, -0.0396, -0.0033, -0.0785, -0.0867,  0.0000,
        -0.0627,  0.0000,  0.0000, -0.0417, -0.1081, -0.0874, -0.0000,  0.0000,
        -0.0000, -0.0000, -0.0320, -0.0000, -0.0000,  0.0000, -0.0000, -0.0000,
        -0.0000, -0.0671, -0.0470, -0.0000, -0.0133, -0.0000, -0.0249, -0.0000,
        -0.0000,  0.0000,  0.0000, -0.0000, -0.0000, -0.0000, -0.0137, -0.0123,
        -0.0000, -0.0000, -0.0000, -0.0000, -0.0000,  0.0000,  0.0000, -0.0673,
        -0.0000, -0.0000, -0.0000, -0.0000, -0.0000, -0.0000, -0.0205, -0.0000,
        -0.0000, -0.0000,  0.0000,  0.0000, -0.0000,  0.0000, -0.0000, -0.0593,
        -0.0798, -0.0000, -0.0000,  0.0000,  0.0000, -0.0538, -0.0581, -0.0000,
        -0.0000, -0.0715, -0.0000, -0.0000,  0.0000, -0.0000, -0.0000,  0.0007,
        -0.0320,  0.0000,  0.0000,  0.0000,  0.0000, -0.0000, -0.0000, -0.0030,
        -0.0891, -0.0000,  0.0000, -0.0000, -0.0727,  0.0000,  0.0000, -0.0641,
        -0.0000, -0.0507, -0.0311, -0.0000, -0.0477, -0.0000,  0.0000,  0.0000,
        -0.0898, -0.0000, -0.0000, -0.0000,  0.0000, -0.0292,  0.0178, -0.0000,
         0.0000, -0.0000, -0.0178, -0.0757, -0.0000, -0.0827, -0.0000, -0.0000],
       device='cuda:0')), ('fc2.weight', tensor([[-1.9808e-01, -0.0000e+00,  0.0000e+00,  ...,  0.0000e+00,
         -2.7185e-02,  0.0000e+00],
        [ 0.0000e+00,  5.4911e-02,  0.0000e+00,  ...,  0.0000e+00,
          0.0000e+00, -0.0000e+00],
        [-0.0000e+00, -0.0000e+00,  0.0000e+00,  ..., -0.0000e+00,
          0.0000e+00,  0.0000e+00],
        ...,
        [ 0.0000e+00, -0.0000e+00, -0.0000e+00,  ..., -4.0388e-02,
         -5.3111e-06,  0.0000e+00],
        [-0.0000e+00,  0.0000e+00,  0.0000e+00,  ..., -0.0000e+00,
         -0.0000e+00,  5.2256e-03],
        [-0.0000e+00, -0.0000e+00, -0.0000e+00,  ..., -0.0000e+00,
          0.0000e+00, -0.0000e+00]], device='cuda:0')), ('fc2.bias', tensor([-0.0000, -0.0000, -0.0000, -0.0000, -0.0000,  0.1371, -0.0000, -0.0609,
        -0.0000, -0.0000, -0.1353, -0.0000,  0.0000, -0.0000,  0.0000, -0.0482,
        -0.0000, -0.0000, -0.0000, -0.0000, -0.0000,  0.1782, -0.0000, -0.0000,
        -0.0000,  0.0000,  0.0000, -0.0000, -0.0000, -0.0000,  0.0000,  0.1593,
        -0.0000, -0.0000,  0.1969,  0.0000, -0.1203, -0.1075, -0.0341,  0.0000,
         0.2769,  0.0000,  0.3373,  0.0000, -0.0255, -0.0888, -0.0000, -0.0000,
        -0.0000, -0.0000,  0.0000, -0.0000,  0.0000, -0.0000, -0.0000, -0.0000,
        -0.0000, -0.0000, -0.0000,  0.0000, -0.0933, -0.0000, -0.0000,  0.0538,
        -0.0000,  0.0460,  0.0000,  0.0000,  0.3269, -0.0000, -0.1171, -0.0000,
        -0.0000, -0.0000,  0.2241, -0.0000,  0.2524,  0.0000, -0.0000, -0.1878,
         0.0000, -0.0000, -0.0000,  0.0000,  0.0005, -0.0000,  0.0000, -0.1425,
        -0.1231, -0.0649,  0.0000,  0.2287, -0.0000, -0.0000, -0.0000,  0.0000,
        -0.0000, -0.1039,  0.0625,  0.0000, -0.0000,  0.0000,  0.0000,  0.0000,
         0.0000,  0.0000,  0.0000, -0.0000, -0.0000, -0.0000,  0.0000,  0.0000,
         0.0000, -0.0000,  0.0000,  0.0021,  0.0000, -0.0000,  0.0000, -0.0000,
         0.3184, -0.0000, -0.0000,  0.0000, -0.0000, -0.0000,  0.1399,  0.1297,
        -0.0507, -0.0893,  0.0000,  0.1393,  0.0000,  0.0000,  0.2257, -0.0000,
        -0.2587, -0.0000, -0.0000, -0.0000, -0.0502, -0.0000,  0.0000, -0.1802,
        -0.0000,  0.0000, -0.0000,  0.0954, -0.0000, -0.1759,  0.0000,  0.0000,
        -0.0429,  0.0000,  0.0000, -0.0000,  0.0417,  0.0000,  0.0519, -0.0000,
        -0.0861,  0.0157,  0.0958,  0.1782,  0.1210,  0.0000, -0.0000, -0.0000,
         0.0838, -0.0000,  0.0000, -0.0000, -0.0000,  0.0000,  0.2255, -0.1149,
        -0.0000, -0.0000, -0.1013, -0.0000,  0.0000, -0.0191,  0.0000, -0.0000,
        -0.0540,  0.1187,  0.2767,  0.0000, -0.0000, -0.0000, -0.0000, -0.0000,
        -0.2300,  0.0000, -0.0000,  0.0000, -0.0000,  0.0746, -0.0000,  0.0000,
         0.0000,  0.0000,  0.0000,  0.2432, -0.1781, -0.0000,  0.0713,  0.0000,
        -0.0000, -0.0000,  0.0000,  0.0641, -0.0987,  0.0000, -0.0000,  0.0000,
        -0.0159, -0.0000, -0.0000,  0.0000,  0.0539, -0.0000, -0.0000, -0.0000,
         0.0000,  0.0000, -0.0000,  0.0667, -0.0598, -0.0000, -0.0000,  0.1605,
         0.2320,  0.0000, -0.1817,  0.0000, -0.0000,  0.2578, -0.0000, -0.0000,
        -0.0000,  0.0712, -0.0000, -0.0000, -0.0000,  0.0000, -0.0000,  0.0000,
         0.0845, -0.0336,  0.1262, -0.0000, -0.0000, -0.0000, -0.0000, -0.0000],
       device='cuda:0')), ('fc3.weight', tensor([[-0.0000,  0.0000, -0.0000,  ...,  0.0000, -0.0155, -0.0000],
        [ 0.0000, -0.0000,  0.0782,  ..., -0.0000, -0.0755,  0.0000],
        [-0.0562, -0.0000,  0.0000,  ..., -0.0000,  0.0000,  0.0000],
        ...,
        [ 0.0191,  0.0920, -0.0000,  ...,  0.1402,  0.0000, -0.0000],
        [ 0.0000,  0.0000, -0.0000,  ...,  0.0000,  0.0000,  0.0000],
        [ 0.0000,  0.0000, -0.0000,  ...,  0.0000,  0.0000,  0.0000]],
       device='cuda:0')), ('fc3.bias', tensor([ 0.0000, -0.0000, -0.0186, -0.0000,  0.0000, -0.0723, -0.0000,  0.0894,
        -0.0992, -0.0741, -0.0000, -0.0000,  0.0000, -0.0335, -0.0000, -0.0000,
         0.0000,  0.0000,  0.0000, -0.0047,  0.0000, -0.0000, -0.0168,  0.0000,
        -0.0000, -0.0000,  0.0618, -0.0000,  0.0000,  0.0000,  0.0000, -0.0000,
        -0.0000, -0.0000,  0.2077, -0.0066, -0.0000, -0.0000, -0.0000, -0.0000,
        -0.0165,  0.0000,  0.0000, -0.0000, -0.0000, -0.1320, -0.0000,  0.0000,
        -0.0000,  0.0000,  0.0000,  0.0000, -0.0000, -0.0000, -0.0304, -0.0000,
        -0.1161, -0.1044,  0.3553,  0.0097, -0.0000,  0.0000, -0.1710,  0.0000,
         0.0000, -0.0000, -0.0678, -0.1115, -0.0000,  0.0987,  0.0607,  0.3827,
        -0.0000, -0.0285, -0.0000,  0.0000, -0.0000,  0.0492,  0.0000,  0.0000,
        -0.0000, -0.0000,  0.1318, -0.0000,  0.1809,  0.0177, -0.0196, -0.0000,
         0.0000,  0.0000,  0.0000, -0.0120, -0.0000,  0.0000, -0.0482,  0.0000,
        -0.0000, -0.1050, -0.0000, -0.0519,  0.1661, -0.0000,  0.0000,  0.0000,
        -0.0000, -0.0000,  0.0185, -0.0000, -0.0000, -0.0000, -0.0000, -0.0476,
        -0.0000,  0.0000,  0.0000,  0.0000, -0.0000, -0.0284,  0.1737, -0.0000,
        -0.0000, -0.0000, -0.0000, -0.0000,  0.0000,  0.0000, -0.0000,  0.0000],
       device='cuda:0')), ('fc4.weight', tensor([[-0.0000, -0.0000, -0.0000,  ..., -0.2148,  0.0000, -0.0000],
        [ 0.0000,  0.1680,  0.0000,  ...,  0.0000,  0.0000,  0.0000],
        [ 0.0000, -0.2532,  0.0000,  ..., -0.0192,  0.0000, -0.0000],
        ...,
        [-0.0000,  0.0885,  0.0968,  ..., -0.2667, -0.0000,  0.0000],
        [ 0.0926, -0.0974,  0.0000,  ..., -0.0000,  0.0000,  0.0000],
        [ 0.0897,  0.0000, -0.2235,  ..., -0.0000, -0.0000, -0.0000]],
       device='cuda:0')), ('fc4.bias', tensor([-0.0000, -0.0000,  0.0000, -0.0000,  0.1059, -0.0000,  0.0229, -0.1236,
         0.0000,  0.0000], device='cuda:0'))])