OrderedDict([('fc1.weight', tensor([[ 0.0000,  0.0000,  0.0000,  ...,  0.0000,  0.0000,  0.0000],
        [ 0.0000,  0.0000,  0.0000,  ..., -0.0069,  0.0000,  0.0157],
        [ 0.0000,  0.0000,  0.0000,  ...,  0.0000,  0.0355,  0.0000],
        ...,
        [ 0.0000,  0.0000, -0.0167,  ...,  0.0000,  0.0044,  0.0000],
        [ 0.0000,  0.0000,  0.0000,  ...,  0.0327,  0.0000,  0.0000],
        [-0.0000, -0.0000, -0.0244,  ..., -0.0000, -0.0000, -0.0000]],
       device='cuda:0')), ('fc1.bias', tensor([-0.0177, -0.0000, -0.0000, -0.0000, -0.0000,  0.0000, -0.0000, -0.0081,
         0.0000,  0.0000, -0.0000, -0.0000,  0.0026, -0.0000, -0.0098, -0.0000,
        -0.0104, -0.0000, -0.0000, -0.0233, -0.0000, -0.0083, -0.0000, -0.0000,
        -0.0000, -0.0000,  0.0165, -0.0000, -0.0000, -0.0000, -0.0058, -0.0018,
        -0.0116, -0.0000,  0.0000, -0.0000,  0.0000, -0.0000,  0.0000, -0.0000,
        -0.0000, -0.0103, -0.0000, -0.0207,  0.0000,  0.0274, -0.0000, -0.0000,
        -0.0231, -0.0000, -0.0000, -0.0000, -0.0000, -0.0056,  0.0000, -0.0000,
         0.0021, -0.0000,  0.0000, -0.0000, -0.0000, -0.0171, -0.0000, -0.0000,
        -0.0000, -0.0110, -0.0205, -0.0000,  0.0393,  0.0097, -0.0000, -0.0000,
        -0.0000, -0.0000, -0.0169, -0.0000, -0.0000, -0.0000,  0.0000,  0.0001,
        -0.0000, -0.0000,  0.0000,  0.0000,  0.0024, -0.0000, -0.0000,  0.0000,
        -0.0000, -0.0000, -0.0000, -0.0000, -0.0000,  0.0139, -0.0000, -0.0000,
        -0.0000, -0.0310,  0.0000, -0.0000, -0.0000,  0.0138, -0.0000,  0.0000,
         0.0292, -0.0000,  0.0000, -0.0277, -0.0000, -0.0000, -0.0059, -0.0000,
        -0.0000,  0.0148,  0.0000,  0.0109, -0.0000,  0.0085,  0.0238, -0.0000,
        -0.0424,  0.0005,  0.0007,  0.0000,  0.0114, -0.0000, -0.0000,  0.0000,
        -0.0000,  0.0000,  0.0129,  0.0206,  0.0111, -0.0000, -0.0000, -0.0000,
         0.0000, -0.0117,  0.0000, -0.0000, -0.0000, -0.0000,  0.0049, -0.0000,
        -0.0000,  0.0224, -0.0000, -0.0309,  0.0000, -0.0000, -0.0000,  0.0115,
        -0.0000,  0.0000, -0.0000,  0.0000,  0.0000,  0.0000, -0.0000,  0.0417,
         0.0000, -0.0000, -0.0000, -0.0287, -0.0000, -0.0000, -0.0000, -0.0198,
         0.0000,  0.0146, -0.0397, -0.0000,  0.0252,  0.0123,  0.0197,  0.0212,
        -0.0000, -0.0000, -0.0308, -0.0000, -0.0282, -0.0000, -0.0357, -0.0000,
         0.0000, -0.0000, -0.0424, -0.0447, -0.0000,  0.0000, -0.0000,  0.0161,
         0.0000, -0.0309, -0.0000, -0.0000,  0.0000,  0.0221, -0.0000, -0.0000,
        -0.0000,  0.0000,  0.0193, -0.0000,  0.0000, -0.0000, -0.0360, -0.0000,
        -0.0000, -0.0000, -0.0346, -0.0189, -0.0382, -0.0191, -0.0231,  0.0119,
        -0.0000, -0.0000, -0.0000,  0.0000, -0.0000,  0.0082,  0.0000,  0.0000,
        -0.0000, -0.0000,  0.0000, -0.0000,  0.0000, -0.0000, -0.0000, -0.0000,
        -0.0000,  0.0087, -0.0000, -0.0000, -0.0000, -0.0000, -0.0000,  0.0000,
        -0.0000, -0.0000,  0.0000,  0.0000, -0.0000,  0.0296, -0.0000, -0.0000,
        -0.0000, -0.0056,  0.0000,  0.0003,  0.0000, -0.0101, -0.0202, -0.0000,
         0.0093, -0.0000, -0.0000, -0.0000,  0.0012, -0.0000, -0.0000, -0.0000,
        -0.0000, -0.0000,  0.0000,  0.0019, -0.0000,  0.0000,  0.0251,  0.0000,
         0.0204, -0.0000, -0.0000,  0.0000, -0.0000, -0.0000, -0.0000, -0.0000,
        -0.0000,  0.0117,  0.0000, -0.0328, -0.0000, -0.0000, -0.0264, -0.0000,
         0.0199, -0.0000,  0.0156,  0.0000,  0.0000, -0.0000, -0.0000,  0.0117,
         0.0176, -0.0000, -0.0205, -0.0000,  0.0054, -0.0000,  0.0000, -0.0000,
        -0.0000,  0.0000,  0.0000, -0.0000,  0.0000, -0.0000, -0.0000,  0.0000,
        -0.0337, -0.0000, -0.0000, -0.0000,  0.0047, -0.0155,  0.0000,  0.0000,
         0.0275, -0.0000,  0.0285, -0.0000,  0.0277, -0.0000,  0.0073, -0.0259,
        -0.0000,  0.0000, -0.0289, -0.0000, -0.0000, -0.0000, -0.0000,  0.0003,
        -0.0315, -0.0243, -0.0000, -0.0000,  0.0000, -0.0000, -0.0000, -0.0170,
        -0.0000, -0.0337, -0.0000, -0.0000, -0.0181,  0.0000, -0.0188,  0.0000,
         0.0000, -0.0000, -0.0000, -0.0000, -0.0075, -0.0000,  0.0000,  0.0295,
        -0.0000, -0.0000, -0.0000, -0.0182, -0.0097, -0.0000,  0.0114, -0.0226,
         0.0000,  0.0210, -0.0000,  0.0000, -0.0089, -0.0220,  0.0000, -0.0469,
        -0.0000,  0.0199, -0.0000,  0.0000,  0.0000,  0.0195,  0.0428,  0.0000,
        -0.0000,  0.0000, -0.0000,  0.0000, -0.0184, -0.0000,  0.0000, -0.0000,
        -0.0000, -0.0000, -0.0000, -0.0000, -0.0000, -0.0000,  0.0000, -0.0000,
         0.0000, -0.0000, -0.0000,  0.0000, -0.0343, -0.0000, -0.0177,  0.0042,
         0.0305, -0.0000,  0.0288, -0.0000, -0.0000, -0.0000, -0.0000, -0.0000,
        -0.0000, -0.0000,  0.0000, -0.0002, -0.0000, -0.0000, -0.0000, -0.0000,
        -0.0000, -0.0000, -0.0000,  0.0000, -0.0000, -0.0000,  0.0000, -0.0000,
         0.0123,  0.0000, -0.0000, -0.0000,  0.0000,  0.0000, -0.0000,  0.0409,
         0.0000, -0.0000, -0.0000, -0.0000, -0.0000, -0.0000, -0.0000,  0.0001,
        -0.0131, -0.0147, -0.0000, -0.0000, -0.0000, -0.0000, -0.0000,  0.0306,
        -0.0242, -0.0129, -0.0330,  0.0000, -0.0000, -0.0000, -0.0000, -0.0000,
        -0.0000, -0.0000,  0.0032,  0.0071,  0.0000,  0.0172,  0.0239, -0.0000,
        -0.0000,  0.0000, -0.0000,  0.0131,  0.0000, -0.0000, -0.0000,  0.0101,
        -0.0000, -0.0228, -0.0000, -0.0000, -0.0021, -0.0000,  0.0251, -0.0018,
        -0.0280,  0.0000, -0.0004,  0.0000,  0.0319, -0.0000, -0.0000,  0.0000,
         0.0102,  0.0000, -0.0000,  0.0000, -0.0127,  0.0000, -0.0000,  0.0000,
        -0.0231, -0.0000, -0.0000, -0.0000, -0.0000, -0.0000, -0.0000,  0.0000],
       device='cuda:0')), ('fc2.weight', tensor([[-0.0000, -0.0000,  0.0000,  ...,  0.0081, -0.0230,  0.0000],
        [-0.0000,  0.0000,  0.0000,  ..., -0.0000, -0.0539,  0.0000],
        [-0.0000,  0.0091, -0.0207,  ..., -0.0000,  0.0191,  0.0000],
        ...,
        [ 0.0000,  0.0000, -0.0166,  ..., -0.0000, -0.0000,  0.0000],
        [ 0.0000, -0.0000,  0.0000,  ..., -0.0000,  0.0000,  0.0000],
        [ 0.0000,  0.0305,  0.0343,  ..., -0.0000,  0.0000, -0.0000]],
       device='cuda:0')), ('fc2.bias', tensor([ 0.0000, -0.0000,  0.0000, -0.0395, -0.0111, -0.0000,  0.0338,  0.0000,
         0.0000,  0.0000,  0.0000, -0.0000,  0.0000,  0.0000,  0.0000, -0.0000,
        -0.0000,  0.0102,  0.0000, -0.0146, -0.0197,  0.0362,  0.0001, -0.0172,
        -0.0000, -0.0000, -0.0000,  0.0000,  0.0000,  0.0035, -0.0149, -0.0328,
         0.0000,  0.0000, -0.0000,  0.0000,  0.0000,  0.0000,  0.0025, -0.0616,
        -0.0000, -0.0000,  0.0000,  0.0000,  0.0096,  0.0000,  0.0000,  0.0000,
        -0.0000,  0.0106, -0.0518,  0.0151,  0.0000, -0.0166,  0.0000,  0.0000,
        -0.0000, -0.0000,  0.0295, -0.0000, -0.0685, -0.0000, -0.0000,  0.0269,
        -0.0426,  0.0000, -0.0000, -0.0000,  0.0000,  0.0000, -0.0049,  0.0000,
        -0.0000,  0.0000,  0.0000,  0.0141, -0.0000, -0.0515,  0.0000,  0.0000,
         0.0000,  0.0269, -0.0198,  0.0000,  0.0000,  0.0000, -0.0359, -0.0000,
         0.0032,  0.0000, -0.0000,  0.0107, -0.0000,  0.0000,  0.0003, -0.0123,
        -0.0000,  0.0000, -0.0000,  0.0136, -0.0296, -0.0000,  0.0434,  0.0000,
        -0.0000,  0.0091, -0.0000,  0.0000, -0.0000,  0.0018, -0.0000,  0.0000,
         0.0000,  0.0000,  0.0000,  0.0000, -0.0786, -0.0516,  0.0340,  0.0560,
        -0.0000,  0.0000, -0.0000, -0.0000, -0.0448,  0.0103, -0.0000, -0.0000,
         0.0000, -0.0154,  0.0000,  0.0000, -0.0076,  0.0000, -0.0000,  0.0309,
         0.0000, -0.0000,  0.0000,  0.0000,  0.0000,  0.0040, -0.0000,  0.0000,
        -0.0000, -0.0000,  0.0000,  0.0008, -0.0000, -0.0000,  0.0749, -0.0089,
         0.0000, -0.0203, -0.0000,  0.0000, -0.0000,  0.0099, -0.0268,  0.0744,
         0.0206, -0.0000, -0.0000,  0.0127,  0.0407, -0.0000,  0.0167,  0.0000,
         0.0000,  0.0000,  0.0000,  0.0000, -0.0000, -0.0000,  0.0000,  0.0128,
         0.0000, -0.0000,  0.0000, -0.0000, -0.0427,  0.0217,  0.0000, -0.0000,
        -0.0000,  0.0000,  0.0000, -0.0000,  0.0000,  0.0000,  0.0000,  0.0000,
         0.0000, -0.0000,  0.0000, -0.0000,  0.0000,  0.0000,  0.0179, -0.0309,
        -0.0000,  0.0412,  0.0000, -0.0000, -0.0258,  0.0092,  0.0000, -0.0000,
        -0.0000, -0.0000, -0.0000,  0.0000,  0.0000, -0.0000, -0.0040, -0.0000,
        -0.0000,  0.0000,  0.0000,  0.0000,  0.0000,  0.0000, -0.0000, -0.0000,
        -0.0000,  0.0027,  0.0000, -0.0085,  0.0000,  0.0230, -0.0000, -0.0652,
         0.0000, -0.0172, -0.0000, -0.0000, -0.0000,  0.0000,  0.0000,  0.0000,
         0.0000,  0.0000, -0.0000, -0.0101,  0.0559, -0.0000, -0.0000, -0.0000,
         0.0000,  0.0390, -0.0504,  0.0000, -0.0000,  0.0000,  0.0000,  0.0000],
       device='cuda:0')), ('fc3.weight', tensor([[-0.0000, -0.0000, -0.0000,  ..., -0.0000, -0.0000, -0.0000],
        [ 0.0396, -0.0119, -0.0000,  ...,  0.0000, -0.0000, -0.0000],
        [-0.0000,  0.0070, -0.0000,  ..., -0.0000,  0.0088, -0.0000],
        ...,
        [-0.0000, -0.0000, -0.0000,  ..., -0.0000, -0.0000, -0.0000],
        [ 0.0000,  0.0000,  0.0577,  ...,  0.0000,  0.0000,  0.0576],
        [ 0.0000,  0.0000,  0.0125,  ..., -0.0000,  0.0000,  0.0000]],
       device='cuda:0')), ('fc3.bias', tensor([-0.0000, -0.0000, -0.0000,  0.0000,  0.0000, -0.0000, -0.0197, -0.0000,
        -0.0157,  0.0000, -0.0000,  0.0000, -0.0000, -0.0223,  0.0322, -0.0000,
         0.0000,  0.0000, -0.0007, -0.0562,  0.0000, -0.0000, -0.0000,  0.0481,
        -0.0000,  0.0000,  0.0505,  0.0000,  0.0000,  0.0000,  0.0113, -0.0000,
         0.0442, -0.0328,  0.0000,  0.0000,  0.0000,  0.0000,  0.0000, -0.0124,
         0.0048,  0.0000, -0.0187,  0.0000, -0.0000,  0.0000, -0.0000, -0.0000,
         0.0000,  0.0048,  0.0000, -0.0000,  0.0025,  0.0000, -0.0000,  0.0000,
         0.0118, -0.0365,  0.0023,  0.0000,  0.0000, -0.0000, -0.0387, -0.0000,
         0.0000, -0.0000,  0.0000, -0.0654, -0.0000, -0.0774,  0.0564,  0.0000,
         0.0000,  0.0000,  0.0000, -0.0000, -0.0107,  0.0154, -0.0000,  0.0000,
        -0.0000, -0.0704,  0.0702,  0.0000,  0.0000, -0.0607, -0.0548,  0.0000,
         0.0000, -0.0000, -0.0000, -0.0000, -0.0000,  0.0000, -0.0000, -0.0000,
         0.0000,  0.0000, -0.0139,  0.0726,  0.0000,  0.0000,  0.0000, -0.0000,
         0.0000,  0.0424, -0.0000, -0.0000,  0.0000, -0.0000, -0.0000,  0.0000,
        -0.0293, -0.0377,  0.0000,  0.0000, -0.0000, -0.0432,  0.0000,  0.0646,
         0.0224, -0.0000, -0.0000, -0.0512, -0.0000, -0.0598,  0.0000,  0.0000],
       device='cuda:0')), ('fc4.weight', tensor([[-0.0000, -0.0000,  0.0000,  ...,  0.0737,  0.0000, -0.0000],
        [-0.0009, -0.0314, -0.0000,  ...,  0.1261,  0.0149,  0.1057],
        [ 0.0000, -0.0188, -0.0000,  ..., -0.0000,  0.0000, -0.0000],
        ...,
        [-0.0372,  0.0983, -0.0701,  ..., -0.0064, -0.0582,  0.0132],
        [ 0.0000, -0.0000,  0.0000,  ..., -0.0000,  0.0000,  0.0000],
        [ 0.0000,  0.0000,  0.0000,  ...,  0.0000, -0.0000, -0.1310]],
       device='cuda:0')), ('fc4.bias', tensor([-0.0000, -0.0000,  0.0206,  0.0000,  0.0000,  0.0000, -0.0554, -0.0000,
        -0.0349,  0.0000], device='cuda:0'))])