OrderedDict([('fc1.weight', tensor([[0.0000, 0.0000, 0.0000,  ..., 0.0000, 0.0609, 0.0493],
        [-0.0000, -0.0000, -0.0000,  ..., -0.0000, 0.0592, -0.0000],
        [0.0000, 0.0000, 0.0000,  ..., 0.0000, 0.0306, 0.0228],
        ...,
        [0.0000, 0.0000, 0.0000,  ..., 0.0000, 0.0000, 0.0000],
        [0.0000, 0.0000, 0.0000,  ..., 0.0000, 0.0126, 0.0000],
        [-0.0000, -0.0000, 0.0474,  ..., 0.0497, -0.0000, -0.0000]],
       device='cuda:0')), ('fc1.bias', tensor([-7.6425e-02,  0.0000e+00, -0.0000e+00, -0.0000e+00, -0.0000e+00,
         0.0000e+00,  1.0983e-03,  0.0000e+00, -6.7843e-02,  0.0000e+00,
        -4.2723e-02, -2.7621e-02, -0.0000e+00, -0.0000e+00, -0.0000e+00,
        -4.3221e-02, -0.0000e+00, -0.0000e+00, -1.1143e-01, -0.0000e+00,
        -0.0000e+00, -0.0000e+00, -0.0000e+00, -0.0000e+00,  0.0000e+00,
         0.0000e+00, -3.8703e-04, -7.4643e-02, -0.0000e+00,  0.0000e+00,
        -0.0000e+00,  0.0000e+00,  0.0000e+00, -0.0000e+00, -1.7800e-02,
         1.1746e-02, -0.0000e+00,  0.0000e+00, -0.0000e+00, -0.0000e+00,
        -0.0000e+00, -0.0000e+00, -0.0000e+00, -0.0000e+00, -0.0000e+00,
        -0.0000e+00, -7.6710e-02,  0.0000e+00, -0.0000e+00, -0.0000e+00,
         6.2995e-03, -5.6927e-02,  0.0000e+00, -4.5670e-02,  0.0000e+00,
        -1.3857e-02,  0.0000e+00,  0.0000e+00, -3.3513e-02, -3.2886e-02,
        -1.9304e-02, -0.0000e+00,  0.0000e+00,  0.0000e+00, -0.0000e+00,
         0.0000e+00, -0.0000e+00, -3.7887e-02, -0.0000e+00,  0.0000e+00,
        -0.0000e+00, -1.4455e-02,  0.0000e+00,  0.0000e+00, -0.0000e+00,
        -6.3725e-02,  0.0000e+00, -0.0000e+00, -0.0000e+00,  3.2209e-02,
         0.0000e+00, -4.2384e-02, -0.0000e+00, -0.0000e+00, -2.4361e-02,
         0.0000e+00, -4.6189e-02,  0.0000e+00, -0.0000e+00, -0.0000e+00,
        -2.4522e-02,  0.0000e+00, -4.6937e-02, -0.0000e+00, -3.1294e-02,
        -0.0000e+00, -0.0000e+00, -1.7919e-02, -1.7419e-02, -0.0000e+00,
         8.0159e-03,  0.0000e+00, -0.0000e+00, -0.0000e+00,  0.0000e+00,
        -0.0000e+00,  0.0000e+00, -0.0000e+00, -0.0000e+00, -4.0480e-02,
        -2.9199e-02, -0.0000e+00,  0.0000e+00, -0.0000e+00, -0.0000e+00,
        -0.0000e+00, -0.0000e+00,  0.0000e+00, -0.0000e+00, -0.0000e+00,
        -0.0000e+00, -0.0000e+00,  0.0000e+00, -0.0000e+00, -0.0000e+00,
        -3.0485e-03,  0.0000e+00, -0.0000e+00,  0.0000e+00,  0.0000e+00,
         0.0000e+00, -1.6467e-03, -0.0000e+00, -0.0000e+00, -6.5221e-02,
         0.0000e+00, -8.2156e-02, -0.0000e+00, -0.0000e+00, -0.0000e+00,
        -0.0000e+00, -9.5760e-02,  0.0000e+00, -3.4338e-02, -9.9550e-02,
        -5.7049e-02, -0.0000e+00,  0.0000e+00, -0.0000e+00, -0.0000e+00,
        -5.0980e-02,  0.0000e+00,  1.0054e-04,  0.0000e+00, -0.0000e+00,
        -0.0000e+00, -8.0783e-02, -5.6360e-02,  0.0000e+00, -0.0000e+00,
        -0.0000e+00, -0.0000e+00,  0.0000e+00, -2.5077e-02, -0.0000e+00,
        -6.5020e-02, -0.0000e+00, -0.0000e+00, -2.5692e-02, -0.0000e+00,
        -0.0000e+00, -1.5430e-02, -0.0000e+00, -0.0000e+00, -0.0000e+00,
        -4.5848e-02, -1.6287e-02, -0.0000e+00, -0.0000e+00, -0.0000e+00,
        -0.0000e+00,  0.0000e+00,  0.0000e+00, -0.0000e+00,  0.0000e+00,
        -0.0000e+00, -0.0000e+00, -0.0000e+00,  0.0000e+00,  0.0000e+00,
        -0.0000e+00, -2.7156e-03,  0.0000e+00, -1.0655e-02, -0.0000e+00,
        -0.0000e+00, -0.0000e+00, -5.4355e-02, -4.0085e-02, -0.0000e+00,
         0.0000e+00,  0.0000e+00, -0.0000e+00, -4.9262e-02, -0.0000e+00,
        -0.0000e+00,  9.4217e-03,  0.0000e+00,  0.0000e+00, -0.0000e+00,
        -0.0000e+00, -0.0000e+00, -5.0922e-02, -0.0000e+00,  0.0000e+00,
        -4.8858e-02,  1.6594e-02, -0.0000e+00, -0.0000e+00,  0.0000e+00,
        -0.0000e+00, -0.0000e+00,  0.0000e+00, -0.0000e+00, -0.0000e+00,
        -0.0000e+00, -0.0000e+00, -0.0000e+00, -7.2513e-02, -0.0000e+00,
        -0.0000e+00, -0.0000e+00,  0.0000e+00,  0.0000e+00, -0.0000e+00,
        -0.0000e+00, -0.0000e+00, -1.4018e-02,  0.0000e+00, -4.3319e-02,
        -3.0922e-02, -6.6567e-02, -0.0000e+00, -0.0000e+00,  0.0000e+00,
         0.0000e+00, -0.0000e+00, -0.0000e+00, -9.0681e-02, -0.0000e+00,
         0.0000e+00, -0.0000e+00, -1.0934e-02, -0.0000e+00, -0.0000e+00,
         0.0000e+00, -1.3580e-02, -6.5138e-02, -0.0000e+00, -0.0000e+00,
        -0.0000e+00, -4.2514e-02, -0.0000e+00, -6.4091e-02,  0.0000e+00,
        -2.2897e-02, -6.0151e-02, -0.0000e+00, -0.0000e+00, -5.5672e-02,
        -0.0000e+00, -0.0000e+00, -6.4721e-02,  0.0000e+00, -0.0000e+00,
         0.0000e+00,  0.0000e+00, -5.5037e-02, -9.6424e-02, -0.0000e+00,
        -0.0000e+00, -0.0000e+00, -6.9872e-03,  0.0000e+00, -1.5618e-05,
        -0.0000e+00, -0.0000e+00, -0.0000e+00, -0.0000e+00, -0.0000e+00,
         0.0000e+00, -3.8721e-02,  0.0000e+00, -5.2541e-03, -0.0000e+00,
         0.0000e+00, -5.5997e-02, -0.0000e+00, -4.8229e-02,  0.0000e+00,
        -0.0000e+00, -5.1728e-02, -8.1469e-02, -0.0000e+00,  0.0000e+00,
        -0.0000e+00, -0.0000e+00, -0.0000e+00, -0.0000e+00, -0.0000e+00,
        -0.0000e+00, -0.0000e+00,  0.0000e+00, -0.0000e+00, -2.9853e-02,
        -4.4219e-03, -1.3425e-02, -5.9123e-02, -9.0758e-04,  0.0000e+00,
        -0.0000e+00, -0.0000e+00, -7.5770e-02, -6.5891e-02, -1.2129e-02,
        -0.0000e+00, -0.0000e+00,  0.0000e+00, -0.0000e+00, -4.6682e-02,
        -5.0662e-02,  0.0000e+00, -9.8995e-03, -0.0000e+00,  0.0000e+00,
        -2.0964e-02, -0.0000e+00, -5.4455e-02, -5.6101e-02, -0.0000e+00,
        -1.6128e-03, -6.3304e-02, -0.0000e+00, -0.0000e+00, -0.0000e+00,
         0.0000e+00,  0.0000e+00, -0.0000e+00,  5.5972e-02, -0.0000e+00,
        -0.0000e+00, -4.6418e-02, -0.0000e+00, -3.9174e-02, -4.4930e-02,
        -0.0000e+00,  0.0000e+00, -0.0000e+00,  0.0000e+00, -0.0000e+00,
        -0.0000e+00, -0.0000e+00, -0.0000e+00, -0.0000e+00,  0.0000e+00,
         3.6613e-03, -2.9671e-02, -0.0000e+00, -0.0000e+00,  0.0000e+00,
        -0.0000e+00,  8.7870e-03, -0.0000e+00,  0.0000e+00, -4.7354e-02,
        -0.0000e+00, -0.0000e+00, -3.8238e-04, -0.0000e+00, -0.0000e+00,
        -3.7564e-02,  0.0000e+00, -0.0000e+00, -0.0000e+00, -0.0000e+00,
         0.0000e+00, -6.7772e-02, -3.1739e-03, -0.0000e+00, -8.8426e-03,
        -0.0000e+00, -1.0902e-02,  0.0000e+00, -0.0000e+00, -6.8702e-02,
        -4.1145e-02, -4.8888e-03, -7.1152e-02, -7.4935e-02, -0.0000e+00,
        -4.8264e-02,  0.0000e+00, -0.0000e+00, -4.1879e-02, -9.8750e-02,
        -6.9022e-02, -0.0000e+00,  0.0000e+00,  0.0000e+00, -0.0000e+00,
        -2.4036e-02, -0.0000e+00, -0.0000e+00, -0.0000e+00, -0.0000e+00,
        -0.0000e+00, -0.0000e+00, -6.7072e-02, -3.4002e-02, -0.0000e+00,
        -9.9244e-03,  0.0000e+00, -2.8676e-02, -0.0000e+00, -0.0000e+00,
        -0.0000e+00,  0.0000e+00, -0.0000e+00, -0.0000e+00, -0.0000e+00,
        -1.1893e-02, -2.6473e-02, -0.0000e+00, -0.0000e+00, -0.0000e+00,
        -0.0000e+00, -0.0000e+00, -0.0000e+00, -0.0000e+00, -6.5324e-02,
        -0.0000e+00, -0.0000e+00, -0.0000e+00, -0.0000e+00,  0.0000e+00,
         0.0000e+00, -2.8251e-02, -0.0000e+00, -0.0000e+00, -0.0000e+00,
         0.0000e+00,  0.0000e+00, -0.0000e+00,  0.0000e+00, -0.0000e+00,
        -6.2099e-02, -8.2671e-02, -0.0000e+00, -0.0000e+00,  0.0000e+00,
        -0.0000e+00, -5.9952e-02, -5.5204e-02, -0.0000e+00, -0.0000e+00,
        -5.1238e-02, -0.0000e+00, -0.0000e+00, -0.0000e+00,  0.0000e+00,
        -0.0000e+00,  5.2219e-03, -3.5935e-02, -0.0000e+00, -0.0000e+00,
        -0.0000e+00, -0.0000e+00, -0.0000e+00, -0.0000e+00,  1.7470e-03,
        -7.3302e-02, -0.0000e+00, -0.0000e+00, -0.0000e+00, -6.4594e-02,
        -0.0000e+00, -0.0000e+00, -5.5641e-02, -0.0000e+00, -4.0238e-02,
        -2.3916e-02,  0.0000e+00, -3.6689e-02,  0.0000e+00, -0.0000e+00,
        -0.0000e+00, -6.4957e-02, -0.0000e+00,  0.0000e+00,  0.0000e+00,
        -0.0000e+00, -2.9175e-02,  1.6807e-02, -0.0000e+00, -0.0000e+00,
         0.0000e+00, -1.8615e-02, -6.3791e-02, -0.0000e+00, -6.9679e-02,
        -0.0000e+00,  0.0000e+00], device='cuda:0')), ('fc2.weight', tensor([[-1.8969e-01,  0.0000e+00, -0.0000e+00,  ..., -0.0000e+00,
         -2.7185e-02, -0.0000e+00],
        [-0.0000e+00,  4.9712e-02,  0.0000e+00,  ..., -0.0000e+00,
          0.0000e+00,  0.0000e+00],
        [-0.0000e+00,  0.0000e+00, -0.0000e+00,  ...,  0.0000e+00,
          0.0000e+00, -0.0000e+00],
        ...,
        [ 0.0000e+00,  0.0000e+00, -0.0000e+00,  ..., -1.9383e-02,
         -5.3111e-06,  0.0000e+00],
        [-0.0000e+00,  0.0000e+00,  0.0000e+00,  ..., -0.0000e+00,
         -0.0000e+00,  5.2256e-03],
        [-0.0000e+00,  0.0000e+00, -0.0000e+00,  ..., -0.0000e+00,
          0.0000e+00, -0.0000e+00]], device='cuda:0')), ('fc2.bias', tensor([-0.0000, -0.0000,  0.0000, -0.0000, -0.0000,  0.1285, -0.0000, -0.0543,
        -0.0000, -0.0000, -0.0798,  0.0000,  0.0000, -0.0000, -0.0000, -0.0617,
        -0.0000, -0.0000, -0.0000, -0.0000, -0.0000,  0.1582, -0.0000, -0.0000,
        -0.0000,  0.0000,  0.0000, -0.0000, -0.0000,  0.0000, -0.0000,  0.1624,
        -0.0000, -0.0000,  0.1685, -0.0000, -0.1115, -0.0588, -0.0397, -0.0000,
         0.2564,  0.0000,  0.3108, -0.0000, -0.0045, -0.0684, -0.0000, -0.0000,
         0.0000, -0.0000,  0.0000, -0.0000, -0.0000, -0.0000, -0.0000, -0.0000,
        -0.0000,  0.0000, -0.0000, -0.0000, -0.0870, -0.0000, -0.0000,  0.0625,
        -0.0000,  0.0452,  0.0000,  0.0000,  0.3042, -0.0000, -0.1109,  0.0000,
        -0.0000, -0.0000,  0.2080, -0.0000,  0.2419,  0.0000, -0.0000, -0.1613,
         0.0000, -0.0000, -0.0000, -0.0000, -0.0060, -0.0000,  0.0000, -0.1485,
        -0.1063, -0.0593,  0.0000,  0.2173, -0.0000, -0.0000,  0.0000,  0.0000,
        -0.0000, -0.0775,  0.0717, -0.0000, -0.0000,  0.0000, -0.0000, -0.0000,
         0.0000, -0.0000, -0.0000, -0.0000, -0.0000, -0.0000,  0.0000,  0.0000,
         0.0000, -0.0000,  0.0000,  0.0057,  0.0000, -0.0000,  0.0000, -0.0000,
         0.2881, -0.0000, -0.0000,  0.0000,  0.0000, -0.0000,  0.1413,  0.1407,
        -0.0502, -0.0616, -0.0000,  0.1391,  0.0000,  0.0000,  0.2114,  0.0000,
        -0.2254, -0.0000, -0.0000,  0.0000, -0.0370, -0.0000,  0.0000, -0.1649,
        -0.0000, -0.0000, -0.0000,  0.1028, -0.0000, -0.1743,  0.0000, -0.0000,
        -0.0298,  0.0000,  0.0000, -0.0000,  0.0421,  0.0000,  0.0426, -0.0000,
        -0.0861,  0.0138,  0.0807,  0.1562,  0.1066,  0.0000,  0.0000,  0.0000,
         0.0957, -0.0000,  0.0000,  0.0000, -0.0000, -0.0000,  0.2108, -0.0894,
        -0.0000, -0.0000, -0.0999,  0.0000, -0.0000, -0.0027,  0.0000, -0.0000,
        -0.0540,  0.1442,  0.2578,  0.0000, -0.0000, -0.0000, -0.0000, -0.0000,
        -0.2161,  0.0000,  0.0000, -0.0000, -0.0000,  0.0683, -0.0000, -0.0000,
         0.0000,  0.0000,  0.0000,  0.2266, -0.1517, -0.0000,  0.0643,  0.0000,
        -0.0000, -0.0000,  0.0000,  0.0751, -0.0427,  0.0000, -0.0000, -0.0000,
        -0.0040, -0.0000, -0.0000, -0.0000,  0.0524, -0.0000,  0.0000, -0.0000,
         0.0000,  0.0000, -0.0000,  0.0901, -0.0561, -0.0000, -0.0000,  0.1557,
         0.2144, -0.0000, -0.1591,  0.0000,  0.0000,  0.2530, -0.0000, -0.0000,
        -0.0000,  0.0683,  0.0000,  0.0000, -0.0000, -0.0000, -0.0000,  0.0000,
         0.0732, -0.0164,  0.1225,  0.0000, -0.0000, -0.0000, -0.0000,  0.0000],
       device='cuda:0')), ('fc3.weight', tensor([[-0.0000,  0.0000,  0.0000,  ...,  0.0000, -0.0155,  0.0000],
        [ 0.0000, -0.0000,  0.0892,  ..., -0.0000, -0.0755,  0.0000],
        [-0.0417,  0.0000,  0.0000,  ...,  0.0000, -0.0000, -0.0000],
        ...,
        [ 0.0280,  0.0662, -0.0000,  ...,  0.1362, -0.0000, -0.0000],
        [-0.0000,  0.0000, -0.0000,  ..., -0.0000,  0.0000,  0.0000],
        [-0.0000, -0.0000,  0.0000,  ..., -0.0000,  0.0000, -0.0000]],
       device='cuda:0')), ('fc3.bias', tensor([ 0.0000, -0.0000, -0.0306,  0.0000,  0.0000, -0.0725,  0.0000,  0.0810,
        -0.0598, -0.0741, -0.0000, -0.0000,  0.0000, -0.0234, -0.0000, -0.0000,
         0.0000,  0.0000,  0.0000, -0.0140, -0.0000,  0.0000, -0.0100, -0.0000,
         0.0000, -0.0000,  0.0684,  0.0000,  0.0000, -0.0000,  0.0000, -0.0000,
        -0.0000, -0.0000,  0.2019, -0.0074, -0.0000, -0.0000, -0.0000, -0.0000,
        -0.0165, -0.0000, -0.0000, -0.0000, -0.0000, -0.1169,  0.0000,  0.0000,
        -0.0000,  0.0000,  0.0000, -0.0000,  0.0000, -0.0000, -0.0224, -0.0000,
        -0.1151, -0.1044,  0.3215,  0.0159,  0.0000, -0.0000, -0.1461, -0.0000,
         0.0000, -0.0000, -0.0347, -0.1069, -0.0000,  0.1032,  0.0555,  0.3647,
         0.0000, -0.0213, -0.0000,  0.0000,  0.0000,  0.0476, -0.0000,  0.0000,
        -0.0000,  0.0000,  0.1224, -0.0000,  0.1598,  0.0200, -0.0115, -0.0000,
        -0.0000,  0.0000,  0.0000, -0.0212, -0.0000,  0.0000, -0.0482,  0.0000,
        -0.0000, -0.1050, -0.0000, -0.0410,  0.1714, -0.0000, -0.0000, -0.0000,
        -0.0000, -0.0000,  0.0260, -0.0000, -0.0000, -0.0000,  0.0000, -0.0361,
        -0.0000, -0.0000,  0.0000,  0.0000, -0.0000, -0.0284,  0.1661, -0.0000,
        -0.0000,  0.0000, -0.0000, -0.0000,  0.0000, -0.0000, -0.0000, -0.0000],
       device='cuda:0')), ('fc4.weight', tensor([[-0.0000,  0.0000, -0.0000,  ..., -0.2348, -0.0000, -0.0000],
        [ 0.0000,  0.1725,  0.0000,  ...,  0.0000,  0.0000, -0.0000],
        [ 0.0000, -0.2477,  0.0000,  ..., -0.0045, -0.0000,  0.0000],
        ...,
        [-0.0000,  0.0918,  0.0884,  ..., -0.2748, -0.0000,  0.0000],
        [ 0.0933, -0.0992, -0.0000,  ...,  0.0000,  0.0000, -0.0000],
        [ 0.0922,  0.0000, -0.2212,  ..., -0.0000, -0.0000,  0.0000]],
       device='cuda:0')), ('fc4.bias', tensor([ 0.0000, -0.0000, -0.0000, -0.0000,  0.1079, -0.0000,  0.0239, -0.1101,
         0.0000,  0.0000], device='cuda:0'))])