fc1.weight Parameter containing:
tensor([[ 0.0156,  0.0187,  0.0133,  ..., -0.0331, -0.0343, -0.0167],
        [ 0.0234, -0.0263,  0.0296,  ...,  0.0179,  0.0348, -0.0239],
        [-0.0188, -0.0095, -0.0357,  ..., -0.0320,  0.0307, -0.0333],
        ...,
        [ 0.0257, -0.0080,  0.0223,  ..., -0.0215, -0.0109, -0.0078],
        [-0.0293, -0.0006, -0.0083,  ...,  0.0180, -0.0165, -0.0123],
        [ 0.0325,  0.0326, -0.0239,  ..., -0.0352,  0.0114, -0.0090]],
       device='cuda:0', requires_grad=True)
fc1.bias Parameter containing:
tensor([-3.4755e-02, -1.7697e-04,  7.1958e-04,  2.0424e-02,  2.3942e-02,
         2.6886e-02, -2.5427e-02, -2.9192e-02,  2.0168e-02,  1.4375e-02,
        -6.7494e-03,  1.1886e-02, -1.1253e-03,  1.3651e-02,  6.1410e-03,
         7.2083e-03,  3.0068e-02, -2.6328e-02,  7.2148e-03,  6.1666e-03,
        -3.2120e-02,  8.8910e-03, -1.9542e-02, -1.0351e-02, -2.8680e-02,
         5.3482e-03,  1.2845e-02,  1.0064e-02,  1.8443e-02,  2.5415e-02,
        -2.3862e-02,  2.1636e-02,  1.8847e-02,  1.1962e-02, -1.7618e-02,
         1.1954e-02, -2.1851e-02, -3.2679e-02,  1.9994e-02, -3.0636e-02,
         1.4911e-02,  1.8821e-02,  3.1069e-03,  2.2319e-02,  1.4437e-03,
         4.8747e-03, -1.8046e-02, -2.8267e-02, -2.5376e-02,  1.0403e-02,
        -7.8448e-03, -1.3731e-02,  3.3480e-02,  3.3242e-02,  3.4068e-02,
         1.3872e-02, -2.5719e-03, -1.8640e-03,  2.9153e-02, -3.2877e-02,
        -2.0810e-02,  1.0371e-02, -1.0225e-02,  3.0865e-02, -1.5267e-02,
        -1.0464e-02,  1.4066e-02, -8.6627e-03,  3.3340e-02, -3.0292e-02,
         3.4032e-02,  1.7241e-03, -3.0460e-02,  2.3461e-02, -3.2100e-02,
         2.3651e-02,  6.8681e-04,  2.0763e-02, -2.6239e-02, -5.0420e-03,
         3.5106e-02, -1.6302e-02, -2.9818e-02,  1.9620e-02, -1.5582e-03,
        -1.9565e-02, -6.3130e-03,  2.6995e-03, -1.5122e-02, -1.8660e-02,
        -2.5792e-02,  2.3109e-02, -1.3134e-02,  1.6769e-02, -1.8451e-02,
         1.1709e-02,  7.5179e-03,  7.3428e-03, -1.0393e-02, -3.1060e-02,
         2.2485e-02, -5.2447e-04,  9.3941e-04, -8.1102e-03,  3.1441e-02,
        -3.2808e-02, -3.4098e-02, -3.0652e-02,  1.3898e-02, -3.1446e-02,
        -5.4109e-03,  1.8270e-02, -2.8572e-02,  1.1982e-02,  2.8740e-02,
        -2.2997e-03, -2.3055e-02, -1.7518e-02, -2.8852e-02, -9.7677e-04,
        -1.5255e-02, -2.4572e-02,  2.8566e-02,  2.4695e-03,  2.6254e-03,
         2.4623e-02, -1.4792e-02,  3.2388e-02,  1.1842e-02, -1.7838e-02,
         1.4407e-02,  2.1658e-02, -1.8639e-02,  1.3922e-03, -2.9151e-02,
         5.9316e-03,  3.5138e-02, -1.2889e-02, -2.2976e-02, -8.8359e-03,
        -1.3690e-02,  5.4210e-05, -2.4016e-02,  2.4623e-02, -2.8050e-02,
        -6.5841e-03,  2.0490e-02,  2.8895e-02,  3.5445e-03, -1.1370e-02,
        -1.3681e-02, -3.2659e-02, -6.2636e-03, -1.7153e-02,  1.4211e-02,
         2.6315e-02,  1.7668e-02,  2.5093e-03,  2.6808e-03, -1.8279e-02,
         1.9773e-03,  1.6206e-02,  3.0981e-02, -7.4702e-03,  2.7437e-02,
        -1.1957e-03, -2.0694e-02, -8.8550e-03, -1.6013e-02,  2.7715e-02,
         7.4182e-04, -2.3789e-02,  2.4719e-02, -2.1986e-02,  1.1934e-02,
        -2.6439e-02,  2.5256e-02,  2.8713e-02,  2.5924e-02, -4.6063e-03,
        -7.0464e-03, -3.4668e-02,  3.3969e-02, -2.1942e-02, -9.4900e-03,
         3.2471e-02, -3.0059e-02, -2.6151e-02, -1.5892e-02,  1.6636e-02,
         2.8232e-02, -2.2527e-03,  4.9659e-03,  1.2866e-03,  2.7466e-02,
         2.7874e-02, -2.1899e-02,  1.8675e-02,  3.3683e-03, -1.8848e-02,
        -2.2899e-02,  1.8184e-02,  2.8756e-02,  3.4464e-02, -8.6472e-03,
         3.2307e-02, -9.7526e-03,  2.2557e-02, -1.9463e-02, -3.7348e-03,
        -2.9531e-02,  2.4894e-02,  3.5410e-02, -4.6340e-04,  2.9468e-02,
        -2.9054e-02, -3.2266e-02, -4.2850e-04, -2.5606e-02,  7.6373e-03,
         2.4304e-03,  1.3703e-02, -6.6693e-03,  4.2901e-03, -1.5512e-02,
        -1.7060e-02, -1.7280e-02,  2.3390e-02,  8.1434e-03,  3.5325e-04,
        -3.2310e-02, -4.1162e-03,  5.4101e-03, -1.1095e-02, -2.2456e-02,
         2.6517e-02, -3.4460e-02,  1.3930e-02,  2.3362e-03,  1.6518e-02,
        -3.2899e-02,  1.7518e-02, -3.4718e-02, -1.1291e-02,  2.0830e-02,
         4.4614e-03,  2.8900e-02, -3.4347e-02, -1.0341e-02,  7.7710e-04,
        -2.0593e-02,  7.9879e-03,  2.9611e-02,  3.2714e-02, -3.3669e-02,
        -2.1467e-03], device='cuda:0', requires_grad=True)
fc2.weight Parameter containing:
tensor([[-0.0022,  0.0319,  0.0115,  ..., -0.0317,  0.0278,  0.0409],
        [ 0.0527, -0.0500,  0.0179,  ...,  0.0226,  0.0245, -0.0307],
        [ 0.0505,  0.0036,  0.0588,  ..., -0.0040,  0.0078, -0.0483],
        ...,
        [-0.0305, -0.0366,  0.0321,  ..., -0.0374,  0.0138, -0.0378],
        [-0.0291,  0.0292, -0.0466,  ...,  0.0514, -0.0574,  0.0372],
        [-0.0517, -0.0381, -0.0421,  ..., -0.0262, -0.0591,  0.0183]],
       device='cuda:0', requires_grad=True)
fc2.bias Parameter containing:
tensor([-0.0610, -0.0090, -0.0382, -0.0131, -0.0321, -0.0415,  0.0421, -0.0009,
         0.0064,  0.0329,  0.0621,  0.0168, -0.0341,  0.0189, -0.0109,  0.0599,
         0.0399,  0.0015,  0.0419,  0.0422, -0.0307,  0.0245, -0.0624, -0.0108,
         0.0166, -0.0066, -0.0414,  0.0544,  0.0089,  0.0406,  0.0227, -0.0401,
        -0.0328,  0.0101, -0.0259,  0.0212, -0.0194,  0.0600, -0.0152, -0.0304,
         0.0593, -0.0453, -0.0160,  0.0096,  0.0189, -0.0002,  0.0305, -0.0444,
         0.0470,  0.0303, -0.0219,  0.0169, -0.0043,  0.0217,  0.0030,  0.0350,
         0.0354,  0.0466, -0.0448, -0.0362,  0.0003, -0.0203,  0.0269, -0.0366,
        -0.0065, -0.0599,  0.0084,  0.0113,  0.0567,  0.0009,  0.0181,  0.0376,
        -0.0127,  0.0219, -0.0547,  0.0457,  0.0162, -0.0161, -0.0089, -0.0435,
         0.0186, -0.0407,  0.0203, -0.0132,  0.0150, -0.0527,  0.0244, -0.0503,
         0.0444,  0.0242,  0.0219,  0.0432,  0.0204, -0.0227,  0.0595, -0.0486,
         0.0178, -0.0181,  0.0148,  0.0181,  0.0216,  0.0543,  0.0143,  0.0200,
        -0.0126,  0.0455, -0.0317,  0.0205,  0.0338,  0.0070, -0.0198,  0.0208,
         0.0268,  0.0361, -0.0364, -0.0310,  0.0051,  0.0492, -0.0261,  0.0357,
        -0.0204, -0.0078,  0.0418,  0.0223, -0.0408, -0.0087, -0.0479, -0.0538],
       device='cuda:0', requires_grad=True)
fc3.weight Parameter containing:
tensor([[ 0.0828,  0.0058,  0.0644,  ...,  0.0039,  0.0012,  0.0249],
        [ 0.0534, -0.0698,  0.0771,  ...,  0.0042, -0.0295, -0.0610],
        [ 0.0476,  0.0181, -0.0644,  ...,  0.0753,  0.0164,  0.0115],
        ...,
        [-0.0097, -0.0793, -0.0708,  ...,  0.0859,  0.0336,  0.0292],
        [ 0.0648,  0.0084,  0.0539,  ...,  0.0536, -0.0188, -0.0144],
        [-0.0302, -0.0811,  0.0387,  ..., -0.0216,  0.0259, -0.0520]],
       device='cuda:0', requires_grad=True)
fc3.bias Parameter containing:
tensor([ 0.0517,  0.0409,  0.0141,  0.0452, -0.0661, -0.0407,  0.0820, -0.0140,
         0.0268,  0.0175], device='cuda:0', requires_grad=True)
